,start_date,end_date,location,court_surface,prize_money,currency,year,player_id,player_name,opponent_id,opponent_name,tournament,round,num_sets,doubles,masters,round_num,duration,total_points,sets_won_1,games_won_1,games_against_1,tiebreaks_won_1,tiebreaks_total,serve_rating_1,aces_1,double_faults_1,first_serve_made_1,first_serve_attempted_1,first_serve_points_made_1,first_serve_points_attempted_1,second_serve_points_made_1,second_serve_points_attempted_1,break_points_saved_1,break_points_against_1,service_games_won_1,return_rating_1,first_serve_return_points_made_1,first_serve_return_points_attempted_1,second_serve_return_points_made_1,second_serve_return_points_attempted_1,break_points_made_1,break_points_attempted_1,return_games_played_1,service_points_won_1,service_points_attempted_1,return_points_won_1,return_points_attempted_1,total_points_won_1,player_1_victory,retirement_1,seed_1,won_first_set_1,nation_1,sets_won_2,games_won_2,games_against_2,tiebreaks_won_2,serve_rating_2,aces_2,double_faults_2,first_serve_made_2,first_serve_attempted_2,first_serve_points_made_2,first_serve_points_attempted_2,second_serve_points_made_2,second_serve_points_attempted_2,break_points_saved_2,break_points_against_2,service_games_won_2,return_rating_2,first_serve_return_points_made_2,first_serve_return_points_attempted_2,second_serve_return_points_made_2,second_serve_return_points_attempted_2,break_points_made_2,break_points_attempted_2,return_games_played_2,service_points_won_2,service_points_attempted_2,return_points_won_2,return_points_attempted_2,total_points_won_2,player_2_victory,retirement_2,won_first_set_2,nation_2
0,2010-05-24,2010-06-06,France,Clay,7580800.0,€,2010,adrian-mannarino,A. Mannarino,carlos-salamanca,C. Salamanca,roland-garros,1st Round Qualifying,2.0,f,2000,-2,01:21:00,135.0,2.0,13.0,10.0,1.0,1.0,275.0,2.0,2.0,42.0,73.0,26.0,42.0,23.0,31.0,7.0,9.0,11.0,188.0,14.0,43.0,10.0,19.0,3.0,4.0,11.0,49.0,73.0,24.0,62.0,73.0,t,f,WC,t,France,0.0,10.0,13.0,0.0,260.0,7.0,2.0,43.0,62.0,29.0,43.0,9.0,19.0,1.0,4.0,11.0,104.0,16.0,42.0,8.0,31.0,2.0,9.0,11.0,38.0,62.0,24.0,73.0,62.0,f,f,f,France
1,2010-05-24,2010-06-06,France,Clay,7580800.0,€,2010,adrian-mannarino,A. Mannarino,ramon-delgado,R. Delgado,roland-garros,2nd Round Qualifying,2.0,f,2000,-1,01:21:00,119.0,2.0,13.0,8.0,1.0,1.0,299.0,4.0,1.0,34.0,57.0,26.0,34.0,16.0,23.0,0.0,1.0,10.0,168.0,17.0,40.0,10.0,22.0,3.0,6.0,10.0,42.0,57.0,27.0,62.0,69.0,t,f,WC,t,France,0.0,8.0,13.0,0.0,248.0,2.0,2.0,40.0,62.0,23.0,40.0,12.0,22.0,3.0,6.0,10.0,164.0,8.0,34.0,7.0,23.0,1.0,1.0,10.0,35.0,62.0,15.0,57.0,50.0,f,f,f,France
2,2010-05-24,2010-06-06,France,Clay,7580800.0,€,2010,adrian-mannarino,A. Mannarino,somdev-devvarman,S. Devvarman,roland-garros,3rd Round Qualifying,2.0,f,2000,0,01:25:00,115.0,0.0,5.0,12.0,0.0,0.0,189.0,4.0,0.0,36.0,63.0,18.0,36.0,11.0,27.0,2.0,7.0,8.0,204.0,15.0,33.0,7.0,19.0,2.0,2.0,9.0,29.0,63.0,22.0,52.0,51.0,f,f,WC,f,France,2.0,12.0,5.0,0.0,259.0,1.0,0.0,33.0,52.0,18.0,33.0,12.0,19.0,0.0,2.0,9.0,242.0,18.0,36.0,16.0,27.0,5.0,7.0,8.0,30.0,52.0,34.0,63.0,64.0,t,f,t,France
3,2010-05-24,2010-06-06,France,Clay,7580800.0,€,2010,adrian-menendez-maceiras,A. Menendez-Maceiras,julien-obry,J. Obry,roland-garros,1st Round Qualifying,3.0,f,2000,-2,03:15:00,266.0,2.0,21.0,19.0,1.0,2.0,296.0,14.0,4.0,74.0,119.0,61.0,74.0,24.0,45.0,9.0,11.0,19.0,114.0,20.0,73.0,38.0,74.0,3.0,14.0,19.0,85.0,119.0,58.0,147.0,143.0,t,f,,t,France,1.0,19.0,21.0,1.0,257.0,3.0,2.0,73.0,147.0,53.0,73.0,36.0,74.0,11.0,14.0,19.0,93.0,13.0,74.0,21.0,45.0,2.0,11.0,19.0,89.0,147.0,34.0,119.0,123.0,f,f,f,France
4,2010-05-24,2010-06-06,France,Clay,7580800.0,€,2010,adrian-menendez-maceiras,A. Menendez-Maceiras,pablo-andujar,P. Andujar,roland-garros,2nd Round Qualifying,2.0,f,2000,-1,01:23:00,123.0,0.0,7.0,12.0,0.0,0.0,252.0,2.0,2.0,33.0,58.0,27.0,33.0,9.0,25.0,1.0,3.0,9.0,64.0,12.0,42.0,8.0,23.0,0.0,6.0,10.0,36.0,58.0,20.0,65.0,56.0,f,f,,f,France,2.0,12.0,7.0,0.0,302.0,4.0,3.0,42.0,65.0,30.0,42.0,15.0,23.0,6.0,6.0,10.0,171.0,6.0,33.0,16.0,25.0,2.0,3.0,9.0,45.0,65.0,22.0,58.0,67.0,t,f,t,France
5,2010-05-24,2010-06-06,France,Clay,7580800.0,€,2010,adrian-ungur,A. Ungur,mikhail-kukushkin,M. Kukushkin,roland-garros,1st Round Qualifying,3.0,f,2000,-2,02:30:00,197.0,1.0,11.0,18.0,1.0,1.0,225.0,2.0,4.0,63.0,99.0,42.0,63.0,14.0,36.0,4.0,10.0,14.0,119.0,17.0,52.0,18.0,46.0,2.0,6.0,14.0,56.0,99.0,35.0,98.0,91.0,f,f,,t,France,2.0,18.0,11.0,0.0,265.0,1.0,2.0,52.0,98.0,35.0,52.0,28.0,46.0,4.0,6.0,14.0,196.0,21.0,63.0,22.0,36.0,6.0,10.0,14.0,63.0,98.0,43.0,99.0,106.0,t,f,f,France
6,2010-05-24,2010-06-06,France,Clay,7580800.0,€,2010,albert-montanes,A. Montanes,robin-soderling,R. Soderling,roland-garros,Round of 32,4.0,f,2000,3,02:29:00,235.0,1.0,18.0,21.0,0.0,0.0,277.0,8.0,3.0,81.0,122.0,55.0,81.0,22.0,41.0,8.0,11.0,19.0,101.0,15.0,72.0,17.0,41.0,2.0,7.0,20.0,77.0,122.0,32.0,113.0,109.0,f,f,29,f,France,3.0,21.0,18.0,0.0,310.0,20.0,2.0,72.0,113.0,57.0,72.0,24.0,41.0,5.0,7.0,20.0,120.0,26.0,81.0,19.0,41.0,3.0,11.0,19.0,81.0,113.0,45.0,122.0,126.0,t,f,t,France
7,2010-05-24,2010-06-06,France,Clay,7580800.0,€,2010,albert-montanes,A. Montanes,stefano-galvani,S. Galvani,roland-garros,Round of 128,3.0,f,2000,1,02:02:00,194.0,3.0,18.0,9.0,0.0,0.0,279.0,8.0,4.0,55.0,101.0,41.0,55.0,25.0,46.0,6.0,7.0,14.0,179.0,18.0,52.0,25.0,41.0,5.0,11.0,13.0,66.0,101.0,43.0,93.0,109.0,t,f,29,t,France,0.0,9.0,18.0,0.0,217.0,2.0,6.0,52.0,93.0,34.0,52.0,16.0,41.0,6.0,11.0,13.0,92.0,14.0,55.0,21.0,46.0,1.0,7.0,14.0,50.0,93.0,35.0,101.0,85.0,f,f,f,France
8,2010-05-24,2010-06-06,France,Clay,7580800.0,€,2010,albert-montanes,A. Montanes,tobias-kamke,T. Kamke,roland-garros,Round of 64,3.0,f,2000,2,01:45:00,156.0,3.0,18.0,6.0,0.0,0.0,287.0,2.0,4.0,50.0,84.0,41.0,50.0,16.0,34.0,8.0,8.0,12.0,211.0,21.0,46.0,17.0,26.0,6.0,12.0,12.0,57.0,84.0,38.0,72.0,95.0,t,f,29,t,France,0.0,6.0,18.0,0.0,200.0,1.0,4.0,46.0,72.0,25.0,46.0,9.0,26.0,6.0,12.0,12.0,71.0,9.0,50.0,18.0,34.0,0.0,8.0,12.0,34.0,72.0,27.0,84.0,61.0,f,f,f,France
9,2010-05-24,2010-06-06,France,Clay,7580800.0,€,2010,alberto-martin,A. Martin,tobias-kamke,T. Kamke,roland-garros,1st Round Qualifying,2.0,f,2000,-2,01:18:00,115.0,0.0,6.0,12.0,0.0,0.0,190.0,1.0,2.0,28.0,56.0,17.0,28.0,10.0,28.0,4.0,9.0,9.0,136.0,9.0,28.0,13.0,31.0,2.0,5.0,9.0,27.0,56.0,22.0,59.0,49.0,f,f,16,f,France,2.0,12.0,6.0,0.0,248.0,0.0,2.0,28.0,59.0,19.0,28.0,18.0,31.0,3.0,5.0,9.0,214.0,11.0,28.0,18.0,28.0,5.0,9.0,9.0,37.0,59.0,29.0,56.0,66.0,t,f,t,France
10,2010-05-24,2010-06-06,France,Clay,7580800.0,€,2010,albert-ramos-vinolas,A. Ramos-Vinolas,olivier-patience,O. Patience,roland-garros,2nd Round Qualifying,3.0,f,2000,-1,02:15:00,193.0,1.0,16.0,15.0,0.0,1.0,251.0,3.0,2.0,63.0,99.0,40.0,63.0,18.0,36.0,2.0,6.0,15.0,190.0,17.0,51.0,23.0,43.0,5.0,7.0,15.0,58.0,99.0,40.0,94.0,98.0,f,f,27,t,France,2.0,15.0,16.0,1.0,231.0,4.0,7.0,51.0,94.0,34.0,51.0,20.0,43.0,2.0,7.0,15.0,180.0,23.0,63.0,18.0,36.0,4.0,6.0,15.0,54.0,94.0,41.0,99.0,95.0,t,f,f,France
11,2010-05-24,2010-06-06,France,Clay,7580800.0,€,2010,albert-ramos-vinolas,A. Ramos-Vinolas,pedro-clar-rossello,P. Clar-Rossello,roland-garros,1st Round Qualifying,3.0,f,2000,-2,02:27:00,184.0,2.0,15.0,14.0,0.0,0.0,254.0,2.0,4.0,68.0,99.0,42.0,68.0,16.0,31.0,3.0,7.0,15.0,157.0,19.0,58.0,15.0,27.0,4.0,10.0,14.0,58.0,99.0,34.0,85.0,92.0,t,f,27,f,France,1.0,14.0,15.0,0.0,250.0,3.0,3.0,58.0,85.0,39.0,58.0,12.0,27.0,6.0,10.0,14.0,169.0,26.0,68.0,15.0,31.0,4.0,7.0,15.0,51.0,85.0,41.0,99.0,92.0,f,f,t,France
12,2010-05-24,2010-06-06,France,Clay,7580800.0,€,2010,alejandro-falla,A. Falla,janko-tipsarevic,J. Tipsarevic,roland-garros,Round of 128,3.0,f,2000,1,01:16:00,139.0,3.0,18.0,6.0,0.0,0.0,286.0,6.0,3.0,37.0,62.0,28.0,37.0,16.0,25.0,2.0,4.0,12.0,239.0,22.0,43.0,22.0,34.0,8.0,14.0,12.0,44.0,62.0,44.0,77.0,88.0,t,f,,t,France,0.0,6.0,18.0,0.0,172.0,3.0,4.0,43.0,77.0,21.0,43.0,12.0,34.0,6.0,14.0,12.0,126.0,9.0,37.0,9.0,25.0,2.0,4.0,12.0,33.0,77.0,18.0,62.0,51.0,f,f,f,France
13,2010-05-24,2010-06-06,France,Clay,7580800.0,€,2010,alejandro-falla,A. Falla,roger-federer,R. Federer,roland-garros,Round of 64,3.0,f,2000,2,02:00:00,198.0,0.0,12.0,19.0,0.0,1.0,259.0,3.0,2.0,64.0,94.0,41.0,64.0,16.0,30.0,5.0,9.0,15.0,90.0,16.0,65.0,18.0,39.0,1.0,8.0,15.0,57.0,94.0,34.0,104.0,91.0,f,f,,f,France,3.0,19.0,12.0,1.0,291.0,6.0,0.0,65.0,104.0,49.0,65.0,21.0,39.0,7.0,8.0,15.0,153.0,23.0,64.0,14.0,30.0,4.0,9.0,15.0,70.0,104.0,37.0,94.0,107.0,t,f,t,France
14,2010-05-24,2010-06-06,France,Clay,7580800.0,€,2010,alexandr-dolgopolov,A. Dolgopolov,arnaud-clement,A. Clement,roland-garros,Round of 128,5.0,f,2000,1,03:45:00,308.0,3.0,25.0,24.0,1.0,1.0,281.0,14.0,4.0,76.0,148.0,59.0,76.0,40.0,72.0,4.0,7.0,23.0,113.0,25.0,81.0,31.0,79.0,4.0,15.0,25.0,99.0,148.0,56.0,160.0,155.0,t,f,,f,France,2.0,24.0,25.0,0.0,265.0,2.0,2.0,81.0,160.0,56.0,81.0,48.0,79.0,11.0,15.0,25.0,122.0,17.0,76.0,32.0,72.0,3.0,7.0,23.0,104.0,160.0,49.0,148.0,153.0,f,f,t,France
15,2010-05-24,2010-06-06,France,Clay,7580800.0,€,2010,alexandr-dolgopolov,A. Dolgopolov,fernando-gonzalez,F. Gonzalez,roland-garros,Round of 64,3.0,f,2000,2,01:49:00,197.0,3.0,18.0,10.0,0.0,0.0,264.0,9.0,2.0,48.0,99.0,35.0,48.0,26.0,51.0,5.0,7.0,14.0,186.0,23.0,57.0,22.0,41.0,6.0,12.0,14.0,61.0,99.0,45.0,98.0,106.0,t,f,,t,France,0.0,10.0,18.0,0.0,223.0,5.0,3.0,57.0,98.0,34.0,57.0,19.0,41.0,6.0,12.0,14.0,119.0,13.0,48.0,25.0,51.0,2.0,7.0,14.0,53.0,98.0,38.0,99.0,91.0,f,f,f,France
16,2010-05-24,2010-06-06,France,Clay,7580800.0,€,2010,alexandr-dolgopolov,A. Dolgopolov,nicolas-almagro,N. Almagro,roland-garros,Round of 32,3.0,f,2000,3,01:53:00,182.0,0.0,10.0,18.0,0.0,0.0,242.0,6.0,1.0,53.0,92.0,28.0,53.0,24.0,39.0,5.0,10.0,14.0,88.0,11.0,42.0,18.0,48.0,1.0,6.0,14.0,52.0,92.0,29.0,90.0,81.0,f,f,,f,France,3.0,18.0,10.0,0.0,279.0,6.0,3.0,42.0,90.0,31.0,42.0,30.0,48.0,5.0,6.0,14.0,170.0,25.0,53.0,15.0,39.0,5.0,10.0,14.0,61.0,90.0,40.0,92.0,101.0,t,f,t,France
17,2010-05-24,2010-06-06,France,Clay,7580800.0,€,2010,alexandre-sidorenko,A. Sidorenko,laurent-rochette,L. Rochette,roland-garros,1st Round Qualifying,3.0,f,2000,-2,01:53:00,185.0,2.0,15.0,14.0,0.0,0.0,274.0,5.0,1.0,54.0,97.0,39.0,54.0,24.0,43.0,4.0,6.0,15.0,120.0,13.0,44.0,19.0,44.0,2.0,6.0,14.0,63.0,97.0,32.0,88.0,95.0,t,f,,t,France,1.0,14.0,15.0,0.0,262.0,5.0,5.0,44.0,88.0,31.0,44.0,25.0,44.0,4.0,6.0,14.0,118.0,15.0,54.0,19.0,43.0,2.0,6.0,15.0,56.0,88.0,34.0,97.0,90.0,f,f,f,France
18,2010-05-24,2010-06-06,France,Clay,7580800.0,€,2010,alexandre-sidorenko,A. Sidorenko,olivier-patience,O. Patience,roland-garros,3rd Round Qualifying,3.0,f,2000,0,02:24:00,218.0,1.0,16.0,18.0,0.0,0.0,270.0,12.0,1.0,65.0,111.0,49.0,65.0,20.0,46.0,7.0,10.0,17.0,114.0,16.0,56.0,21.0,51.0,2.0,6.0,17.0,69.0,111.0,37.0,107.0,106.0,f,f,,t,France,2.0,18.0,16.0,0.0,271.0,5.0,4.0,56.0,107.0,40.0,56.0,30.0,51.0,4.0,6.0,17.0,129.0,16.0,65.0,26.0,46.0,3.0,10.0,17.0,70.0,107.0,42.0,111.0,112.0,t,f,f,France
19,2010-05-24,2010-06-06,France,Clay,7580800.0,€,2010,alexandre-sidorenko,A. Sidorenko,rui-machado,R. Machado,roland-garros,2nd Round Qualifying,3.0,f,2000,-1,02:11:00,206.0,2.0,18.0,16.0,1.0,1.0,275.0,6.0,2.0,62.0,98.0,44.0,62.0,20.0,36.0,7.0,10.0,16.0,147.0,26.0,72.0,16.0,36.0,4.0,9.0,17.0,64.0,98.0,42.0,108.0,106.0,t,f,,t,France,1.0,16.0,18.0,0.0,264.0,6.0,5.0,72.0,108.0,46.0,72.0,20.0,36.0,5.0,9.0,17.0,121.0,18.0,62.0,16.0,36.0,3.0,10.0,16.0,66.0,108.0,34.0,98.0,100.0,f,f,f,France
20,2010-05-24,2010-06-06,France,Clay,7580800.0,€,2010,alex-bogdanovic,A. Bogdanovic,conor-niland,C. Niland,roland-garros,1st Round Qualifying,2.0,f,2000,-2,01:27:00,137.0,0.0,8.0,12.0,0.0,0.0,222.0,4.0,6.0,34.0,61.0,24.0,34.0,10.0,27.0,6.0,10.0,10.0,130.0,15.0,51.0,14.0,25.0,2.0,8.0,10.0,34.0,61.0,29.0,76.0,63.0,f,f,,f,France,2.0,12.0,8.0,0.0,264.0,3.0,1.0,51.0,76.0,36.0,51.0,11.0,25.0,6.0,8.0,10.0,172.0,10.0,34.0,17.0,27.0,4.0,10.0,10.0,47.0,76.0,27.0,61.0,74.0,t,f,t,France
21,2010-05-24,2010-06-06,France,Clay,7580800.0,€,2010,alex-bogomolov-jr.,A. Bogomolov Jr.,harel-levy,H. Levy,roland-garros,2nd Round Qualifying,2.0,f,2000,-1,00:51:00,98.0,2.0,12.0,4.0,0.0,0.0,306.0,4.0,3.0,33.0,49.0,27.0,33.0,9.0,16.0,3.0,3.0,8.0,256.0,12.0,29.0,13.0,20.0,4.0,4.0,8.0,36.0,49.0,25.0,49.0,61.0,t,f,,t,France,0.0,4.0,12.0,0.0,205.0,3.0,1.0,29.0,49.0,17.0,29.0,7.0,20.0,0.0,4.0,8.0,62.0,6.0,33.0,7.0,16.0,0.0,3.0,8.0,24.0,49.0,13.0,49.0,37.0,f,f,f,France
22,2010-05-24,2010-06-06,France,Clay,7580800.0,€,2010,alex-bogomolov-jr.,A. Bogomolov Jr.,martin-alund,M. Alund,roland-garros,1st Round Qualifying,3.0,f,2000,-2,01:52:00,151.0,2.0,14.0,9.0,0.0,0.0,248.0,1.0,1.0,54.0,76.0,33.0,54.0,11.0,22.0,4.0,8.0,12.0,221.0,21.0,48.0,17.0,27.0,6.0,10.0,11.0,44.0,76.0,38.0,75.0,82.0,t,f,,f,France,1.0,9.0,14.0,0.0,203.0,4.0,3.0,48.0,75.0,27.0,48.0,10.0,27.0,4.0,10.0,11.0,172.0,21.0,54.0,11.0,22.0,4.0,8.0,12.0,37.0,75.0,32.0,76.0,69.0,f,f,t,France
23,2010-05-24,2010-06-06,France,Clay,7580800.0,€,2010,alex-bogomolov-jr.,A. Bogomolov Jr.,tobias-kamke,T. Kamke,roland-garros,3rd Round Qualifying,2.0,f,2000,0,01:13:00,105.0,0.0,5.0,12.0,0.0,0.0,170.0,0.0,4.0,27.0,46.0,11.0,27.0,7.0,19.0,1.0,6.0,8.0,162.0,5.0,28.0,17.0,31.0,2.0,3.0,9.0,18.0,46.0,22.0,59.0,40.0,f,f,,f,France,2.0,12.0,5.0,0.0,251.0,2.0,2.0,28.0,59.0,23.0,28.0,14.0,31.0,1.0,3.0,9.0,267.0,16.0,27.0,12.0,19.0,5.0,6.0,8.0,37.0,59.0,28.0,46.0,65.0,t,f,t,France
24,2010-05-24,2010-06-06,France,Clay,7580800.0,€,2010,andrea-arnaboldi,A. Arnaboldi,harel-levy,H. Levy,roland-garros,1st Round Qualifying,2.0,f,2000,-2,01:25:00,127.0,0.0,8.0,13.0,0.0,0.0,241.0,0.0,1.0,47.0,73.0,25.0,47.0,16.0,26.0,6.0,10.0,11.0,164.0,7.0,33.0,7.0,21.0,1.0,1.0,10.0,41.0,73.0,14.0,54.0,55.0,f,f,,f,France,2.0,13.0,8.0,0.0,302.0,5.0,0.0,33.0,54.0,26.0,33.0,14.0,21.0,0.0,1.0,10.0,161.0,22.0,47.0,10.0,26.0,4.0,10.0,11.0,40.0,54.0,32.0,73.0,72.0,t,f,t,France
25,2010-05-24,2010-06-06,France,Clay,7580800.0,€,2010,andreas-beck,A. Beck,paolo-lorenzi,P. Lorenzi,roland-garros,Round of 128,4.0,f,2000,1,02:39:00,209.0,3.0,22.0,13.0,0.0,0.0,300.0,5.0,3.0,72.0,104.0,55.0,72.0,19.0,32.0,5.0,6.0,18.0,167.0,17.0,59.0,27.0,46.0,5.0,10.0,17.0,74.0,104.0,44.0,105.0,118.0,t,f,,f,France,1.0,13.0,22.0,0.0,242.0,14.0,10.0,59.0,105.0,42.0,59.0,19.0,46.0,5.0,10.0,17.0,87.0,17.0,72.0,13.0,32.0,1.0,6.0,18.0,61.0,105.0,30.0,104.0,91.0,f,f,t,France
26,2010-05-24,2010-06-06,France,Clay,7580800.0,€,2010,andreas-beck,A. Beck,stan-wawrinka,S. Wawrinka,roland-garros,Round of 64,3.0,f,2000,2,01:46:00,173.0,0.0,9.0,18.0,0.0,0.0,246.0,3.0,3.0,60.0,95.0,34.0,60.0,20.0,35.0,7.0,11.0,13.0,50.0,7.0,43.0,12.0,35.0,0.0,1.0,14.0,54.0,95.0,19.0,78.0,73.0,f,f,,f,France,3.0,18.0,9.0,0.0,315.0,14.0,4.0,43.0,78.0,36.0,43.0,23.0,35.0,1.0,1.0,14.0,152.0,26.0,60.0,15.0,35.0,4.0,11.0,13.0,59.0,78.0,41.0,95.0,100.0,t,f,t,France
27,2010-05-24,2010-06-06,France,Clay,7580800.0,€,2010,andreas-haider-maurer,A. Haider-Maurer,fred-gil,F. Gil,roland-garros,1st Round Qualifying,1.0,f,2000,-2,00:52:00,71.0,1.0,6.0,5.0,0.0,0.0,284.0,2.0,2.0,18.0,41.0,15.0,18.0,13.0,23.0,2.0,2.0,6.0,44.0,2.0,13.0,5.0,17.0,0.0,0.0,5.0,28.0,41.0,7.0,30.0,35.0,f,t,,t,France,0.0,5.0,6.0,0.0,299.0,0.0,0.0,13.0,30.0,11.0,13.0,12.0,17.0,0.0,0.0,5.0,60.0,3.0,18.0,10.0,23.0,0.0,2.0,6.0,23.0,30.0,13.0,41.0,36.0,t,t,f,France
28,2010-05-24,2010-06-06,France,Clay,7580800.0,€,2010,andreas-seppi,A. Seppi,philipp-kohlschreiber,P. Kohlschreiber,roland-garros,Round of 64,3.0,f,2000,2,02:37:00,211.0,0.0,14.0,20.0,0.0,1.0,258.0,5.0,2.0,50.0,99.0,33.0,50.0,31.0,49.0,5.0,9.0,16.0,110.0,15.0,54.0,22.0,58.0,2.0,6.0,17.0,64.0,99.0,37.0,112.0,101.0,f,f,,f,France,3.0,20.0,14.0,1.0,276.0,7.0,1.0,54.0,112.0,39.0,54.0,36.0,58.0,4.0,6.0,17.0,140.0,17.0,50.0,18.0,49.0,4.0,9.0,16.0,75.0,112.0,35.0,99.0,110.0,t,f,t,France
29,2010-05-24,2010-06-06,France,Clay,7580800.0,€,2010,andreas-seppi,A. Seppi,santiago-ventura,S. Ventura,roland-garros,Round of 128,3.0,f,2000,1,02:38:00,228.0,3.0,20.0,14.0,0.0,0.0,275.0,9.0,1.0,72.0,101.0,49.0,72.0,15.0,29.0,6.0,10.0,17.0,164.0,17.0,52.0,43.0,75.0,7.0,21.0,17.0,64.0,101.0,60.0,127.0,124.0,t,f,,t,France,0.0,14.0,20.0,0.0,211.0,11.0,9.0,52.0,127.0,35.0,52.0,32.0,75.0,14.0,21.0,17.0,143.0,23.0,72.0,14.0,29.0,4.0,10.0,17.0,67.0,127.0,37.0,101.0,104.0,f,f,f,France
30,2010-05-24,2010-06-06,France,Clay,7580800.0,€,2010,andre-begemann,A. Begemann,ruben-bemelmans,R. Bemelmans,roland-garros,1st Round Qualifying,2.0,f,2000,-2,00:57:00,103.0,0.0,5.0,12.0,0.0,0.0,198.0,7.0,5.0,34.0,56.0,20.0,34.0,7.0,22.0,4.0,9.0,9.0,112.0,5.0,26.0,10.0,21.0,1.0,3.0,8.0,27.0,56.0,15.0,47.0,42.0,f,f,,f,France,2.0,12.0,5.0,0.0,276.0,2.0,1.0,26.0,47.0,21.0,26.0,11.0,21.0,2.0,3.0,8.0,220.0,14.0,34.0,15.0,22.0,5.0,9.0,9.0,32.0,47.0,29.0,56.0,61.0,t,f,t,France
31,2010-05-24,2010-06-06,France,Clay,7580800.0,€,2010,andrey-golubev,A. Golubev,john-isner,J. Isner,roland-garros,Round of 128,3.0,f,2000,1,01:30:00,149.0,0.0,9.0,18.0,0.0,0.0,243.0,6.0,4.0,45.0,83.0,33.0,45.0,17.0,38.0,5.0,9.0,13.0,29.0,8.0,52.0,2.0,14.0,0.0,0.0,14.0,50.0,83.0,10.0,66.0,60.0,f,f,,f,France,3.0,18.0,9.0,0.0,357.0,8.0,1.0,52.0,66.0,44.0,52.0,12.0,14.0,0.0,0.0,14.0,156.0,12.0,45.0,21.0,38.0,4.0,9.0,13.0,56.0,66.0,33.0,83.0,89.0,t,f,t,France
32,2010-05-24,2010-06-06,France,Clay,7580800.0,€,2010,andy-murray,A. Murray,juan-ignacio-chela,J. Chela,roland-garros,Round of 64,4.0,f,2000,2,03:30:00,303.0,3.0,24.0,14.0,0.0,1.0,274.0,9.0,3.0,83.0,146.0,65.0,83.0,28.0,63.0,8.0,10.0,19.0,176.0,38.0,93.0,34.0,64.0,7.0,16.0,18.0,93.0,146.0,72.0,157.0,165.0,t,f,4,t,France,1.0,14.0,24.0,1.0,223.0,0.0,3.0,93.0,157.0,55.0,93.0,30.0,64.0,9.0,16.0,18.0,108.0,18.0,83.0,35.0,63.0,2.0,10.0,19.0,85.0,157.0,53.0,146.0,138.0,f,f,f,France
33,2010-05-24,2010-06-06,France,Clay,7580800.0,€,2010,andy-murray,A. Murray,marcos-baghdatis,M. Baghdatis,roland-garros,Round of 32,4.0,f,2000,3,02:33:00,216.0,3.0,18.0,13.0,0.0,0.0,229.0,4.0,6.0,62.0,100.0,43.0,62.0,13.0,38.0,4.0,9.0,15.0,190.0,20.0,49.0,37.0,67.0,8.0,18.0,16.0,56.0,100.0,57.0,116.0,113.0,t,f,4,t,France,1.0,13.0,18.0,0.0,195.0,5.0,6.0,49.0,116.0,29.0,49.0,30.0,67.0,10.0,18.0,16.0,186.0,19.0,62.0,25.0,38.0,5.0,9.0,15.0,59.0,116.0,44.0,100.0,103.0,f,f,f,France
34,2010-05-24,2010-06-06,France,Clay,7580800.0,€,2010,andy-murray,A. Murray,richard-gasquet,R. Gasquet,roland-garros,Round of 128,5.0,f,2000,1,04:04:00,323.0,3.0,28.0,20.0,0.0,1.0,272.0,17.0,8.0,77.0,165.0,56.0,77.0,49.0,88.0,9.0,12.0,24.0,161.0,29.0,86.0,38.0,72.0,7.0,16.0,23.0,105.0,165.0,67.0,158.0,172.0,t,f,4,f,France,2.0,20.0,28.0,1.0,244.0,13.0,5.0,86.0,158.0,57.0,86.0,34.0,72.0,9.0,16.0,23.0,108.0,21.0,77.0,39.0,88.0,3.0,12.0,24.0,91.0,158.0,60.0,165.0,151.0,f,f,t,France
35,2010-05-24,2010-06-06,France,Clay,7580800.0,€,2010,andy-murray,A. Murray,tomas-berdych,T. Berdych,roland-garros,Round of 16,3.0,f,2000,4,02:16:00,188.0,0.0,12.0,19.0,0.0,0.0,243.0,14.0,4.0,54.0,105.0,36.0,54.0,24.0,51.0,9.0,14.0,16.0,161.0,3.0,38.0,21.0,45.0,1.0,1.0,15.0,60.0,105.0,24.0,83.0,84.0,f,f,4,f,France,3.0,19.0,12.0,0.0,292.0,10.0,2.0,38.0,83.0,35.0,38.0,24.0,45.0,0.0,1.0,15.0,153.0,18.0,54.0,27.0,51.0,5.0,14.0,16.0,59.0,83.0,45.0,105.0,104.0,t,f,t,France
36,2010-05-24,2010-06-06,France,Clay,7580800.0,€,2010,andy-roddick,A. Roddick,blaz-kavcic,B. Kavcic,roland-garros,Round of 64,4.0,f,2000,2,02:57:00,245.0,3.0,23.0,16.0,0.0,0.0,248.0,13.0,3.0,78.0,121.0,52.0,78.0,18.0,43.0,6.0,13.0,20.0,211.0,45.0,95.0,17.0,29.0,10.0,19.0,19.0,70.0,121.0,62.0,124.0,132.0,t,f,6,t,France,1.0,16.0,23.0,0.0,212.0,0.0,6.0,95.0,124.0,50.0,95.0,12.0,29.0,9.0,19.0,19.0,180.0,26.0,78.0,25.0,43.0,7.0,13.0,20.0,62.0,124.0,51.0,121.0,113.0,f,f,f,France
37,2010-05-24,2010-06-06,France,Clay,7580800.0,€,2010,andy-roddick,A. Roddick,jarkko-nieminen,J. Nieminen,roland-garros,Round of 128,5.0,f,2000,1,03:19:00,287.0,3.0,27.0,23.0,1.0,1.0,308.0,19.0,2.0,90.0,139.0,72.0,90.0,27.0,49.0,4.0,6.0,24.0,127.0,29.0,97.0,23.0,51.0,4.0,11.0,25.0,99.0,139.0,52.0,148.0,151.0,t,f,6,t,France,2.0,23.0,27.0,0.0,278.0,10.0,7.0,97.0,148.0,68.0,97.0,28.0,51.0,7.0,11.0,25.0,106.0,18.0,90.0,22.0,49.0,2.0,6.0,24.0,96.0,148.0,40.0,139.0,136.0,f,f,f,France
38,2010-05-24,2010-06-06,France,Clay,7580800.0,€,2010,andy-roddick,A. Roddick,teymuraz-gabashvili,T. Gabashvili,roland-garros,Round of 32,3.0,f,2000,3,01:54:00,175.0,0.0,10.0,18.0,0.0,0.0,257.0,4.0,1.0,64.0,89.0,40.0,64.0,12.0,25.0,7.0,11.0,14.0,50.0,10.0,46.0,11.0,40.0,0.0,3.0,14.0,52.0,89.0,21.0,86.0,73.0,f,f,6,f,France,3.0,18.0,10.0,0.0,312.0,9.0,1.0,46.0,86.0,36.0,46.0,29.0,40.0,3.0,3.0,14.0,154.0,24.0,64.0,13.0,25.0,4.0,11.0,14.0,65.0,86.0,37.0,89.0,102.0,t,f,t,France
39,2010-05-24,2010-06-06,France,Clay,7580800.0,€,2010,antonio-veic,A. Veic,francesco-aldi,F. Aldi,roland-garros,1st Round Qualifying,2.0,f,2000,-2,01:58:00,163.0,2.0,14.0,10.0,0.0,0.0,259.0,4.0,2.0,50.0,76.0,33.0,50.0,13.0,26.0,2.0,5.0,12.0,197.0,26.0,67.0,15.0,20.0,5.0,12.0,12.0,46.0,76.0,41.0,87.0,87.0,t,f,,t,France,0.0,10.0,14.0,0.0,215.0,0.0,6.0,67.0,87.0,41.0,67.0,5.0,20.0,7.0,12.0,12.0,169.0,17.0,50.0,13.0,26.0,3.0,5.0,12.0,46.0,87.0,30.0,76.0,76.0,f,f,f,France
40,2010-05-24,2010-06-06,France,Clay,7580800.0,€,2010,antonio-veic,A. Veic,mikhail-kukushkin,M. Kukushkin,roland-garros,2nd Round Qualifying,2.0,f,2000,-1,01:34:00,127.0,2.0,13.0,7.0,0.0,0.0,276.0,1.0,2.0,40.0,67.0,27.0,40.0,16.0,27.0,4.0,5.0,10.0,214.0,14.0,30.0,14.0,30.0,4.0,5.0,10.0,43.0,67.0,28.0,60.0,71.0,t,f,,t,France,0.0,7.0,13.0,0.0,215.0,0.0,1.0,30.0,60.0,16.0,30.0,16.0,30.0,1.0,5.0,10.0,104.0,13.0,40.0,11.0,27.0,1.0,5.0,10.0,32.0,60.0,24.0,67.0,56.0,f,f,f,France
41,2010-05-24,2010-06-06,France,Clay,7580800.0,€,2010,antonio-veic,A. Veic,thiago-alves,T. Alves,roland-garros,3rd Round Qualifying,3.0,f,2000,0,01:49:00,156.0,1.0,13.0,13.0,0.0,0.0,249.0,5.0,1.0,52.0,85.0,35.0,52.0,16.0,33.0,4.0,8.0,13.0,174.0,15.0,46.0,11.0,25.0,4.0,6.0,13.0,51.0,85.0,26.0,71.0,77.0,f,f,,t,France,2.0,13.0,13.0,0.0,259.0,2.0,0.0,46.0,71.0,31.0,46.0,14.0,25.0,2.0,6.0,13.0,165.0,17.0,52.0,17.0,33.0,4.0,8.0,13.0,45.0,71.0,34.0,85.0,79.0,t,f,f,France
42,2010-05-24,2010-06-06,France,Clay,7580800.0,€,2010,arnau-brugues-davi,A. Brugues-Davi,david-marrero,D. Marrero,roland-garros,1st Round Qualifying,2.0,f,2000,-2,00:58:00,87.0,0.0,4.0,12.0,0.0,0.0,236.0,0.0,0.0,35.0,48.0,18.0,35.0,8.0,13.0,2.0,6.0,8.0,60.0,3.0,31.0,4.0,8.0,0.0,0.0,8.0,26.0,48.0,7.0,39.0,33.0,f,f,,f,France,2.0,12.0,4.0,0.0,320.0,3.0,2.0,31.0,39.0,28.0,31.0,4.0,8.0,0.0,0.0,8.0,204.0,17.0,35.0,5.0,13.0,4.0,6.0,8.0,32.0,39.0,22.0,48.0,54.0,t,f,t,France
43,2010-05-24,2010-06-06,France,Clay,7580800.0,€,2010,attila-balazs,A. Balazs,charles-antoine-brezac,C. Brezac,roland-garros,1st Round Qualifying,3.0,f,2000,-2,02:14:00,203.0,1.0,14.0,18.0,0.0,0.0,236.0,1.0,3.0,72.0,108.0,38.0,72.0,20.0,36.0,12.0,18.0,16.0,131.0,11.0,52.0,24.0,43.0,4.0,14.0,16.0,58.0,108.0,35.0,95.0,93.0,f,f,,t,France,2.0,18.0,14.0,0.0,266.0,18.0,5.0,52.0,95.0,41.0,52.0,19.0,43.0,10.0,14.0,16.0,161.0,34.0,72.0,16.0,36.0,6.0,18.0,16.0,60.0,95.0,50.0,108.0,110.0,t,f,f,France
44,2010-05-24,2010-06-06,France,Clay,7580800.0,€,2010,bastian-knittel,B. Knittel,olivier-patience,O. Patience,roland-garros,1st Round Qualifying,3.0,f,2000,-2,02:15:00,208.0,1.0,13.0,18.0,1.0,1.0,242.0,1.0,11.0,63.0,115.0,46.0,63.0,24.0,52.0,9.0,12.0,14.0,80.0,15.0,64.0,9.0,29.0,1.0,5.0,16.0,70.0,115.0,24.0,93.0,94.0,f,f,,f,France,2.0,18.0,13.0,0.0,310.0,4.0,2.0,64.0,93.0,49.0,64.0,20.0,29.0,4.0,5.0,16.0,127.0,17.0,63.0,28.0,52.0,3.0,12.0,14.0,69.0,93.0,45.0,115.0,114.0,t,f,t,France
45,2010-05-24,2010-06-06,France,Clay,7580800.0,€,2010,benedikt-dorsch,B. Dorsch,kevin-kim,K. Kim,roland-garros,1st Round Qualifying,2.0,f,2000,-2,00:53:00,92.0,0.0,2.0,12.0,0.0,0.0,178.0,2.0,2.0,37.0,62.0,17.0,37.0,11.0,25.0,14.0,19.0,7.0,17.0,0.0,18.0,2.0,12.0,0.0,0.0,7.0,28.0,62.0,2.0,30.0,30.0,f,f,,f,France,2.0,12.0,2.0,0.0,353.0,10.0,0.0,18.0,30.0,18.0,18.0,10.0,12.0,0.0,0.0,7.0,207.0,20.0,37.0,14.0,25.0,5.0,19.0,7.0,28.0,30.0,34.0,62.0,62.0,t,f,t,France
46,2010-05-24,2010-06-06,France,Clay,7580800.0,€,2010,benjamin-balleret,B. Balleret,santiago-ventura,S. Ventura,roland-garros,1st Round Qualifying,3.0,f,2000,-2,01:53:00,170.0,1.0,13.0,14.0,0.0,0.0,245.0,7.0,0.0,52.0,89.0,34.0,52.0,17.0,37.0,5.0,9.0,13.0,190.0,15.0,50.0,16.0,31.0,4.0,5.0,14.0,51.0,89.0,31.0,81.0,82.0,f,f,,t,France,2.0,14.0,13.0,0.0,251.0,2.0,2.0,50.0,81.0,35.0,50.0,15.0,31.0,1.0,5.0,14.0,163.0,18.0,52.0,20.0,37.0,4.0,9.0,13.0,50.0,81.0,38.0,89.0,88.0,t,f,f,France
47,2010-05-24,2010-06-06,France,Clay,7580800.0,€,2010,benjamin-becker,B. Becker,denis-istomin,D. Istomin,roland-garros,Round of 128,3.0,f,2000,1,02:07:00,187.0,0.0,13.0,20.0,0.0,0.0,251.0,9.0,4.0,62.0,97.0,40.0,62.0,17.0,35.0,4.0,9.0,16.0,104.0,13.0,58.0,12.0,32.0,2.0,6.0,17.0,57.0,97.0,25.0,90.0,82.0,f,f,,f,France,3.0,20.0,13.0,0.0,303.0,12.0,2.0,58.0,90.0,45.0,58.0,20.0,32.0,4.0,6.0,17.0,173.0,22.0,62.0,18.0,35.0,5.0,9.0,16.0,65.0,90.0,40.0,97.0,105.0,t,f,t,France
48,2010-05-24,2010-06-06,France,Clay,7580800.0,€,2010,benoit-paire,B. Paire,dieter-kindlmann,D. Kindlmann,roland-garros,3rd Round Qualifying,2.0,f,2000,0,00:59:00,115.0,2.0,12.0,5.0,0.0,0.0,306.0,12.0,0.0,35.0,55.0,28.0,35.0,10.0,20.0,1.0,1.0,9.0,156.0,18.0,39.0,9.0,21.0,3.0,10.0,8.0,38.0,55.0,27.0,60.0,65.0,t,f,,t,France,0.0,5.0,12.0,0.0,236.0,0.0,2.0,39.0,60.0,21.0,39.0,12.0,21.0,7.0,10.0,8.0,70.0,7.0,35.0,10.0,20.0,0.0,1.0,9.0,33.0,60.0,17.0,55.0,50.0,f,f,f,France
49,2010-05-24,2010-06-06,France,Clay,7580800.0,€,2010,benoit-paire,B. Paire,olivier-rochus,O. Rochus,roland-garros,Round of 128,4.0,f,2000,1,03:18:00,285.0,1.0,21.0,23.0,0.0,1.0,271.0,24.0,7.0,84.0,153.0,63.0,84.0,30.0,69.0,7.0,11.0,22.0,115.0,23.0,78.0,21.0,54.0,3.0,9.0,21.0,93.0,153.0,44.0,132.0,137.0,f,f,Q,t,France,3.0,23.0,21.0,1.0,273.0,3.0,6.0,78.0,132.0,55.0,78.0,33.0,54.0,6.0,9.0,21.0,136.0,21.0,84.0,39.0,69.0,4.0,11.0,22.0,88.0,132.0,60.0,153.0,148.0,t,f,f,France
50,2010-05-24,2010-06-06,France,Clay,7580800.0,€,2010,benoit-paire,B. Paire,santiago-gonzalez,S. Gonzalez,roland-garros,2nd Round Qualifying,3.0,f,2000,-1,02:31:00,255.0,2.0,19.0,18.0,1.0,1.0,230.0,6.0,4.0,56.0,109.0,34.0,56.0,29.0,53.0,4.0,11.0,18.0,166.0,29.0,74.0,39.0,72.0,7.0,20.0,18.0,63.0,109.0,68.0,146.0,131.0,t,f,,t,France,1.0,18.0,19.0,0.0,214.0,3.0,8.0,74.0,146.0,45.0,74.0,33.0,72.0,13.0,20.0,18.0,186.0,22.0,56.0,24.0,53.0,7.0,11.0,18.0,78.0,146.0,46.0,109.0,124.0,f,f,f,France
51,2010-05-24,2010-06-06,France,Clay,7580800.0,€,2010,benoit-paire,B. Paire,stefan-koubek,S. Koubek,roland-garros,1st Round Qualifying,3.0,f,2000,-2,01:49:00,185.0,2.0,15.0,9.0,0.0,0.0,238.0,3.0,7.0,58.0,107.0,43.0,58.0,19.0,49.0,16.0,19.0,12.0,190.0,18.0,44.0,20.0,34.0,6.0,15.0,12.0,62.0,107.0,38.0,78.0,100.0,t,f,,t,France,1.0,9.0,15.0,0.0,201.0,0.0,5.0,44.0,78.0,26.0,44.0,14.0,34.0,9.0,15.0,12.0,128.0,15.0,58.0,30.0,49.0,3.0,19.0,12.0,40.0,78.0,45.0,107.0,85.0,f,f,f,France
52,2010-05-24,2010-06-06,France,Clay,7580800.0,€,2010,bjorn-phau,B. Phau,stefano-galvani,S. Galvani,roland-garros,1st Round Qualifying,2.0,f,2000,-2,01:22:00,121.0,0.0,8.0,12.0,0.0,0.0,198.0,2.0,3.0,31.0,58.0,15.0,31.0,13.0,27.0,4.0,9.0,10.0,149.0,10.0,37.0,14.0,26.0,3.0,8.0,10.0,28.0,58.0,24.0,63.0,52.0,f,f,8,f,France,2.0,12.0,8.0,0.0,247.0,0.0,1.0,37.0,63.0,27.0,37.0,12.0,26.0,5.0,8.0,10.0,210.0,16.0,31.0,14.0,27.0,5.0,9.0,10.0,39.0,63.0,30.0,58.0,69.0,t,f,t,France
53,2010-05-24,2010-06-06,France,Clay,7580800.0,€,2010,blaz-kavcic,B. Kavcic,eduardo-schwank,E. Schwank,roland-garros,Round of 128,4.0,f,2000,1,02:54:00,225.0,3.0,20.0,14.0,0.0,0.0,267.0,5.0,6.0,78.0,114.0,53.0,78.0,18.0,36.0,8.0,11.0,17.0,187.0,25.0,77.0,22.0,34.0,6.0,11.0,17.0,71.0,114.0,47.0,111.0,118.0,t,t,,f,France,1.0,14.0,20.0,0.0,239.0,6.0,3.0,77.0,111.0,52.0,77.0,12.0,34.0,5.0,11.0,17.0,126.0,25.0,78.0,18.0,36.0,3.0,11.0,17.0,64.0,111.0,43.0,114.0,107.0,f,t,t,France
54,2010-05-24,2010-06-06,France,Clay,7580800.0,€,2010,caio-zampieri,C. Zampieri,john-millman,J. Millman,roland-garros,1st Round Qualifying,2.0,f,2000,-2,01:35:00,135.0,0.0,8.0,13.0,0.0,0.0,237.0,3.0,0.0,41.0,59.0,27.0,41.0,7.0,18.0,2.0,6.0,10.0,116.0,11.0,40.0,18.0,36.0,2.0,10.0,11.0,34.0,59.0,29.0,76.0,63.0,f,f,,f,France,2.0,13.0,8.0,0.0,256.0,3.0,4.0,40.0,76.0,29.0,40.0,18.0,36.0,8.0,10.0,11.0,202.0,14.0,41.0,11.0,18.0,4.0,6.0,10.0,47.0,76.0,25.0,59.0,72.0,t,f,t,France
55,2010-05-24,2010-06-06,France,Clay,7580800.0,€,2010,carlos-berlocq,C. Berlocq,jan-hernych,J. Hernych,roland-garros,1st Round Qualifying,3.0,f,2000,-2,02:38:00,226.0,2.0,18.0,16.0,0.0,0.0,270.0,10.0,0.0,80.0,115.0,48.0,80.0,21.0,35.0,4.0,9.0,17.0,163.0,35.0,79.0,12.0,32.0,6.0,13.0,17.0,69.0,115.0,47.0,111.0,116.0,t,f,,t,France,1.0,16.0,18.0,0.0,254.0,0.0,0.0,79.0,111.0,44.0,79.0,20.0,32.0,7.0,13.0,17.0,165.0,32.0,80.0,14.0,35.0,5.0,9.0,17.0,64.0,111.0,46.0,115.0,110.0,f,f,f,France
56,2010-05-24,2010-06-06,France,Clay,7580800.0,€,2010,carlos-berlocq,C. Berlocq,julian-reister,J. Reister,roland-garros,3rd Round Qualifying,2.0,f,2000,0,01:23:00,117.0,0.0,6.0,12.0,0.0,0.0,252.0,1.0,0.0,34.0,52.0,20.0,34.0,11.0,18.0,3.0,6.0,9.0,76.0,10.0,42.0,12.0,23.0,0.0,6.0,9.0,31.0,52.0,22.0,65.0,53.0,f,f,,f,France,2.0,12.0,6.0,0.0,289.0,0.0,0.0,42.0,65.0,32.0,42.0,11.0,23.0,6.0,6.0,9.0,163.0,14.0,34.0,7.0,18.0,3.0,6.0,9.0,43.0,65.0,21.0,52.0,64.0,t,f,t,France
57,2010-05-24,2010-06-06,France,Clay,7580800.0,€,2010,carlos-berlocq,C. Berlocq,lukas-rosol,L. Rosol,roland-garros,2nd Round Qualifying,2.0,f,2000,-1,01:10:00,109.0,2.0,12.0,4.0,0.0,0.0,270.0,2.0,1.0,30.0,47.0,25.0,30.0,6.0,17.0,3.0,4.0,8.0,202.0,24.0,41.0,10.0,21.0,5.0,15.0,8.0,31.0,47.0,34.0,62.0,65.0,t,f,,t,France,0.0,4.0,12.0,0.0,196.0,1.0,1.0,41.0,62.0,17.0,41.0,11.0,21.0,10.0,15.0,8.0,119.0,5.0,30.0,11.0,17.0,1.0,4.0,8.0,28.0,62.0,16.0,47.0,44.0,f,f,f,France
58,2010-05-24,2010-06-06,France,Clay,7580800.0,€,2010,carsten-ball,C. Ball,philipp-petzschner,P. Petzschner,roland-garros,Round of 128,5.0,f,2000,1,03:46:00,371.0,3.0,31.0,27.0,0.0,1.0,282.0,14.0,6.0,117.0,185.0,86.0,117.0,35.0,68.0,6.0,10.0,29.0,129.0,28.0,100.0,40.0,86.0,6.0,18.0,28.0,121.0,185.0,68.0,186.0,189.0,t,f,WC,f,France,2.0,27.0,31.0,1.0,266.0,12.0,3.0,100.0,186.0,72.0,100.0,46.0,86.0,12.0,18.0,28.0,128.0,31.0,117.0,33.0,68.0,4.0,10.0,29.0,118.0,186.0,64.0,185.0,182.0,f,f,t,France
59,2010-05-24,2010-06-06,France,Clay,7580800.0,€,2010,carsten-ball,C. Ball,viktor-troicki,V. Troicki,roland-garros,Round of 64,3.0,f,2000,2,01:45:00,181.0,0.0,10.0,18.0,0.0,0.0,231.0,8.0,4.0,66.0,101.0,44.0,66.0,11.0,35.0,11.0,16.0,14.0,83.0,11.0,50.0,11.0,30.0,1.0,6.0,14.0,55.0,101.0,22.0,80.0,77.0,f,f,WC,f,France,3.0,18.0,10.0,0.0,305.0,10.0,1.0,50.0,80.0,39.0,50.0,19.0,30.0,5.0,6.0,14.0,168.0,22.0,66.0,24.0,35.0,5.0,16.0,14.0,58.0,80.0,46.0,101.0,104.0,t,f,t,France
60,2010-05-24,2010-06-06,France,Clay,7580800.0,€,2010,charles-antoine-brezac,C. Brezac,dieter-kindlmann,D. Kindlmann,roland-garros,2nd Round Qualifying,2.0,f,2000,-1,01:29:00,143.0,0.0,8.0,13.0,0.0,0.0,242.0,4.0,2.0,28.0,61.0,23.0,28.0,14.0,33.0,6.0,9.0,10.0,92.0,21.0,56.0,9.0,26.0,1.0,10.0,11.0,37.0,61.0,30.0,82.0,67.0,f,f,WC,f,France,2.0,13.0,8.0,0.0,286.0,0.0,0.0,56.0,82.0,35.0,56.0,17.0,26.0,9.0,10.0,11.0,139.0,5.0,28.0,19.0,33.0,3.0,9.0,10.0,52.0,82.0,24.0,61.0,76.0,t,f,t,France
61,2010-05-24,2010-06-06,France,Clay,7580800.0,€,2010,chris-guccione,C. Guccione,daniel-king-turner,D. King-Turner,roland-garros,1st Round Qualifying,2.0,f,2000,-2,01:09:00,114.0,0.0,6.0,12.0,0.0,0.0,235.0,2.0,4.0,34.0,57.0,20.0,34.0,12.0,23.0,2.0,5.0,9.0,63.0,10.0,38.0,7.0,19.0,0.0,4.0,9.0,32.0,57.0,17.0,57.0,49.0,f,f,,f,France,2.0,12.0,6.0,0.0,312.0,8.0,0.0,38.0,57.0,28.0,38.0,12.0,19.0,4.0,4.0,9.0,182.0,14.0,34.0,11.0,23.0,3.0,5.0,9.0,40.0,57.0,25.0,57.0,65.0,t,f,t,France
62,2010-05-24,2010-06-06,France,Clay,7580800.0,€,2010,christophe-rochus,C. Rochus,sebastian-decoud,S. Decoud,roland-garros,1st Round Qualifying,3.0,f,2000,-2,02:39:00,215.0,1.0,16.0,16.0,0.0,0.0,247.0,4.0,4.0,49.0,99.0,32.0,49.0,29.0,50.0,6.0,10.0,16.0,152.0,31.0,75.0,19.0,41.0,4.0,10.0,16.0,61.0,99.0,50.0,116.0,111.0,f,f,19,t,France,2.0,16.0,16.0,0.0,254.0,5.0,4.0,75.0,116.0,44.0,75.0,22.0,41.0,6.0,10.0,16.0,142.0,17.0,49.0,21.0,50.0,4.0,10.0,16.0,66.0,116.0,38.0,99.0,104.0,t,f,f,France
63,2010-05-24,2010-06-06,France,Clay,7580800.0,€,2010,conor-niland,C. Niland,julian-reister,J. Reister,roland-garros,2nd Round Qualifying,2.0,f,2000,-1,01:33:00,133.0,0.0,6.0,12.0,0.0,0.0,250.0,1.0,2.0,44.0,66.0,26.0,44.0,13.0,22.0,5.0,8.0,9.0,81.0,12.0,47.0,11.0,20.0,0.0,8.0,9.0,39.0,66.0,23.0,67.0,62.0,f,f,,f,France,2.0,12.0,6.0,0.0,289.0,1.0,1.0,47.0,67.0,35.0,47.0,9.0,20.0,8.0,8.0,9.0,153.0,18.0,44.0,9.0,22.0,3.0,8.0,9.0,44.0,67.0,27.0,66.0,71.0,t,f,t,France
64,2010-05-24,2010-06-06,France,Clay,7580800.0,€,2010,daniel-berta,D. Berta,santiago-gonzalez,S. Gonzalez,roland-garros,1st Round Qualifying,2.0,f,2000,-2,01:07:00,120.0,0.0,7.0,12.0,0.0,0.0,219.0,1.0,1.0,46.0,67.0,26.0,46.0,8.0,21.0,10.0,14.0,9.0,125.0,4.0,27.0,13.0,26.0,2.0,5.0,10.0,34.0,67.0,17.0,53.0,51.0,f,f,WC,f,France,2.0,12.0,7.0,0.0,274.0,10.0,2.0,27.0,53.0,23.0,27.0,13.0,26.0,3.0,5.0,10.0,178.0,20.0,46.0,13.0,21.0,4.0,14.0,9.0,36.0,53.0,33.0,67.0,69.0,t,f,t,France
65,2010-05-24,2010-06-06,France,Clay,7580800.0,€,2010,daniel-brands,D. Brands,jo-wilfried-tsonga,J. Tsonga,roland-garros,Round of 128,5.0,f,2000,1,03:43:00,330.0,2.0,23.0,29.0,1.0,1.0,264.0,11.0,7.0,93.0,156.0,65.0,93.0,34.0,63.0,8.0,14.0,25.0,107.0,22.0,100.0,35.0,74.0,3.0,11.0,26.0,99.0,156.0,57.0,174.0,156.0,f,f,,t,France,3.0,29.0,23.0,0.0,287.0,16.0,5.0,100.0,174.0,78.0,100.0,39.0,74.0,8.0,11.0,26.0,143.0,28.0,93.0,29.0,63.0,6.0,14.0,25.0,117.0,174.0,57.0,156.0,174.0,t,f,f,France
66,2010-05-24,2010-06-06,France,Clay,7580800.0,€,2010,daniel-gimeno-traver,D. Gimeno-Traver,dmitry-tursunov,D. Tursunov,roland-garros,Round of 128,3.0,f,2000,1,01:18:00,129.0,3.0,18.0,3.0,0.0,0.0,314.0,5.0,1.0,37.0,64.0,29.0,37.0,20.0,27.0,3.0,3.0,11.0,221.0,24.0,40.0,13.0,25.0,7.0,18.0,10.0,49.0,64.0,37.0,65.0,86.0,t,f,,t,France,0.0,3.0,18.0,0.0,179.0,0.0,1.0,40.0,65.0,16.0,40.0,12.0,25.0,11.0,18.0,10.0,48.0,8.0,37.0,7.0,27.0,0.0,3.0,11.0,28.0,65.0,15.0,64.0,43.0,f,f,f,France
67,2010-05-24,2010-06-06,France,Clay,7580800.0,€,2010,daniel-gimeno-traver,D. Gimeno-Traver,marin-cilic,M. Cilic,roland-garros,Round of 64,3.0,f,2000,2,02:17:00,203.0,0.0,11.0,19.0,0.0,1.0,262.0,7.0,2.0,56.0,95.0,37.0,56.0,21.0,39.0,6.0,9.0,14.0,60.0,15.0,56.0,17.0,52.0,0.0,6.0,15.0,58.0,95.0,32.0,108.0,90.0,f,f,,f,France,3.0,19.0,11.0,1.0,295.0,5.0,2.0,56.0,108.0,41.0,56.0,35.0,52.0,6.0,6.0,15.0,134.0,19.0,56.0,18.0,39.0,3.0,9.0,14.0,76.0,108.0,37.0,95.0,113.0,t,f,t,France
68,2010-05-24,2010-06-06,France,Clay,7580800.0,€,2010,daniel-king-turner,D. King-Turner,somdev-devvarman,S. Devvarman,roland-garros,2nd Round Qualifying,2.0,f,2000,-1,01:12:00,105.0,0.0,3.0,12.0,0.0,0.0,187.0,0.0,3.0,30.0,43.0,19.0,30.0,2.0,13.0,5.0,9.0,7.0,63.0,16.0,42.0,5.0,20.0,0.0,6.0,8.0,21.0,43.0,21.0,62.0,42.0,f,f,,f,France,2.0,12.0,3.0,0.0,304.0,0.0,1.0,42.0,62.0,26.0,42.0,15.0,20.0,6.0,6.0,8.0,223.0,11.0,30.0,11.0,13.0,4.0,9.0,7.0,41.0,62.0,22.0,43.0,63.0,t,f,t,France
69,2010-05-24,2010-06-06,France,Clay,7580800.0,€,2010,daniel-koellerer,D. Koellerer,teymuraz-gabashvili,T. Gabashvili,roland-garros,Round of 128,3.0,f,2000,1,01:33:00,141.0,0.0,5.0,18.0,0.0,0.0,197.0,0.0,3.0,42.0,68.0,23.0,42.0,11.0,26.0,4.0,11.0,12.0,66.0,9.0,41.0,14.0,32.0,0.0,2.0,11.0,34.0,68.0,23.0,73.0,57.0,f,f,,f,France,3.0,18.0,5.0,0.0,292.0,5.0,3.0,41.0,73.0,32.0,41.0,18.0,32.0,2.0,2.0,11.0,225.0,19.0,42.0,15.0,26.0,7.0,11.0,12.0,50.0,73.0,34.0,68.0,84.0,t,f,t,France
70,2010-05-24,2010-06-06,France,Clay,7580800.0,€,2010,david-ferrer,D. Ferrer,david-guez,D. Guez,roland-garros,Round of 128,3.0,f,2000,1,01:33:00,122.0,3.0,18.0,5.0,0.0,0.0,299.0,6.0,2.0,38.0,56.0,33.0,38.0,9.0,18.0,0.0,1.0,11.0,273.0,22.0,44.0,17.0,22.0,8.0,10.0,12.0,42.0,56.0,39.0,66.0,81.0,t,f,9,t,France,0.0,5.0,18.0,0.0,170.0,0.0,3.0,44.0,66.0,22.0,44.0,5.0,22.0,2.0,10.0,12.0,172.0,5.0,38.0,9.0,18.0,1.0,1.0,11.0,27.0,66.0,14.0,56.0,41.0,f,f,f,France
71,2010-05-24,2010-06-06,France,Clay,7580800.0,€,2010,david-ferrer,D. Ferrer,jurgen-melzer,J. Melzer,roland-garros,Round of 32,3.0,f,2000,3,01:56:00,182.0,0.0,10.0,19.0,0.0,1.0,253.0,4.0,2.0,64.0,100.0,35.0,64.0,22.0,36.0,9.0,13.0,14.0,55.0,11.0,56.0,9.0,26.0,0.0,4.0,14.0,57.0,100.0,20.0,82.0,77.0,f,f,9,f,France,3.0,19.0,10.0,1.0,318.0,7.0,2.0,56.0,82.0,45.0,56.0,17.0,26.0,4.0,4.0,14.0,143.0,29.0,64.0,14.0,36.0,4.0,13.0,14.0,62.0,82.0,43.0,100.0,105.0,t,f,t,France
72,2010-05-24,2010-06-06,France,Clay,7580800.0,€,2010,david-ferrer,D. Ferrer,xavier-malisse,X. Malisse,roland-garros,Round of 64,3.0,f,2000,2,01:16:00,109.0,3.0,14.0,4.0,0.0,0.0,291.0,4.0,3.0,27.0,46.0,23.0,27.0,11.0,19.0,2.0,3.0,9.0,235.0,14.0,31.0,22.0,32.0,6.0,11.0,9.0,34.0,46.0,36.0,63.0,70.0,t,t,9,t,France,0.0,4.0,14.0,0.0,167.0,1.0,2.0,31.0,63.0,17.0,31.0,10.0,32.0,5.0,11.0,9.0,101.0,4.0,27.0,8.0,19.0,1.0,3.0,9.0,27.0,63.0,12.0,46.0,39.0,f,t,f,France
73,2010-05-24,2010-06-06,France,Clay,7580800.0,€,2010,david-marrero,D. Marrero,jose-acasuso,J. Acasuso,roland-garros,2nd Round Qualifying,2.0,f,2000,-1,01:35:00,142.0,0.0,10.0,13.0,0.0,1.0,306.0,10.0,1.0,48.0,68.0,39.0,48.0,11.0,20.0,0.0,1.0,11.0,52.0,9.0,42.0,10.0,32.0,0.0,4.0,11.0,50.0,68.0,19.0,74.0,69.0,f,f,,f,France,2.0,13.0,10.0,1.0,309.0,5.0,1.0,42.0,74.0,33.0,42.0,22.0,32.0,4.0,4.0,11.0,173.0,9.0,48.0,9.0,20.0,1.0,1.0,11.0,55.0,74.0,18.0,68.0,73.0,t,f,t,France
74,2010-05-24,2010-06-06,France,Clay,7580800.0,€,2010,denis-istomin,D. Istomin,lleyton-hewitt,L. Hewitt,roland-garros,Round of 64,5.0,f,2000,2,03:08:00,273.0,2.0,21.0,21.0,0.0,0.0,269.0,5.0,1.0,97.0,138.0,63.0,97.0,22.0,41.0,12.0,17.0,21.0,141.0,16.0,65.0,36.0,70.0,5.0,12.0,21.0,85.0,138.0,52.0,135.0,137.0,f,f,,t,France,3.0,21.0,21.0,0.0,250.0,6.0,4.0,65.0,135.0,49.0,65.0,34.0,70.0,7.0,12.0,21.0,133.0,34.0,97.0,19.0,41.0,5.0,17.0,21.0,83.0,135.0,53.0,138.0,136.0,t,f,f,France
75,2010-05-24,2010-06-06,France,Clay,7580800.0,€,2010,diego-junqueira,D. Junqueira,michael-yani,M. Yani,roland-garros,2nd Round Qualifying,2.0,f,2000,-1,01:38:00,151.0,0.0,10.0,13.0,0.0,1.0,313.0,0.0,0.0,48.0,62.0,32.0,48.0,11.0,14.0,0.0,1.0,11.0,69.0,16.0,57.0,13.0,32.0,0.0,8.0,11.0,43.0,62.0,29.0,89.0,72.0,f,f,,f,France,2.0,13.0,10.0,1.0,296.0,4.0,3.0,57.0,89.0,41.0,57.0,19.0,32.0,8.0,8.0,11.0,163.0,16.0,48.0,3.0,14.0,1.0,1.0,11.0,60.0,89.0,19.0,62.0,79.0,t,f,t,France
76,2010-05-24,2010-06-06,France,Clay,7580800.0,€,2010,diego-junqueira,D. Junqueira,simon-stadler,S. Stadler,roland-garros,1st Round Qualifying,2.0,f,2000,-2,01:44:00,147.0,2.0,13.0,10.0,1.0,1.0,264.0,0.0,1.0,57.0,80.0,35.0,57.0,14.0,23.0,7.0,10.0,11.0,196.0,18.0,47.0,11.0,20.0,4.0,6.0,11.0,49.0,80.0,29.0,67.0,78.0,t,f,,t,France,0.0,10.0,13.0,0.0,239.0,1.0,2.0,47.0,67.0,29.0,47.0,9.0,20.0,2.0,6.0,11.0,135.0,22.0,57.0,9.0,23.0,3.0,10.0,11.0,38.0,67.0,31.0,80.0,69.0,f,f,f,France
77,2010-05-24,2010-06-06,France,Clay,7580800.0,€,2010,dieter-kindlmann,D. Kindlmann,gael-monfils,G. Monfils,roland-garros,Round of 128,4.0,f,2000,1,02:45:00,271.0,1.0,17.0,25.0,1.0,1.0,227.0,3.0,4.0,90.0,142.0,54.0,90.0,25.0,52.0,9.0,18.0,21.0,139.0,25.0,82.0,23.0,47.0,4.0,10.0,20.0,79.0,142.0,48.0,129.0,127.0,f,f,LL,f,France,3.0,25.0,17.0,0.0,267.0,11.0,9.0,82.0,129.0,57.0,82.0,24.0,47.0,6.0,10.0,20.0,184.0,36.0,90.0,27.0,52.0,9.0,18.0,21.0,81.0,129.0,63.0,142.0,144.0,t,f,t,France
78,2010-05-24,2010-06-06,France,Clay,7580800.0,€,2010,dieter-kindlmann,D. Kindlmann,lamine-ouahab,L. Ouahab,roland-garros,1st Round Qualifying,2.0,f,2000,-2,00:59:00,97.0,2.0,12.0,3.0,0.0,0.0,277.0,1.0,3.0,32.0,45.0,22.0,32.0,7.0,13.0,1.0,2.0,7.0,238.0,15.0,24.0,15.0,28.0,6.0,13.0,8.0,29.0,45.0,30.0,52.0,59.0,t,f,,t,France,0.0,3.0,12.0,0.0,155.0,2.0,2.0,24.0,52.0,9.0,24.0,13.0,28.0,7.0,13.0,8.0,141.0,10.0,32.0,6.0,13.0,1.0,2.0,7.0,22.0,52.0,16.0,45.0,38.0,f,f,f,France
79,2010-05-24,2010-06-06,France,Clay,7580800.0,€,2010,dominik-hrbaty,D. Hrbaty,martin-klizan,M. Klizan,roland-garros,1st Round Qualifying,3.0,f,2000,-2,02:32:00,222.0,1.0,14.0,18.0,0.0,0.0,188.0,8.0,9.0,58.0,98.0,31.0,58.0,16.0,40.0,7.0,17.0,16.0,202.0,21.0,55.0,39.0,69.0,8.0,14.0,16.0,47.0,98.0,60.0,124.0,107.0,f,f,,f,France,2.0,18.0,14.0,0.0,196.0,4.0,7.0,55.0,124.0,34.0,55.0,30.0,69.0,6.0,14.0,16.0,228.0,27.0,58.0,24.0,40.0,10.0,17.0,16.0,64.0,124.0,51.0,98.0,115.0,t,f,t,France
80,2010-05-24,2010-06-06,France,Clay,7580800.0,€,2010,dominik-meffert,D. Meffert,thiago-alves,T. Alves,roland-garros,1st Round Qualifying,2.0,f,2000,-2,01:13:00,101.0,0.0,4.0,12.0,0.0,0.0,166.0,2.0,0.0,30.0,47.0,12.0,30.0,6.0,17.0,3.0,9.0,8.0,138.0,12.0,38.0,10.0,16.0,2.0,11.0,8.0,18.0,47.0,22.0,54.0,40.0,f,f,,f,France,2.0,12.0,4.0,0.0,254.0,4.0,1.0,38.0,54.0,26.0,38.0,6.0,16.0,9.0,11.0,8.0,267.0,18.0,30.0,11.0,17.0,6.0,9.0,8.0,32.0,54.0,29.0,47.0,61.0,t,f,t,France
81,2010-05-24,2010-06-06,France,Clay,7580800.0,€,2010,dudi-sela,D. Sela,jurgen-melzer,J. Melzer,roland-garros,Round of 128,3.0,f,2000,1,02:06:00,196.0,0.0,11.0,19.0,0.0,0.0,229.0,4.0,5.0,73.0,116.0,50.0,73.0,14.0,43.0,6.0,11.0,15.0,79.0,10.0,47.0,9.0,33.0,1.0,4.0,15.0,64.0,116.0,19.0,80.0,83.0,f,f,,f,France,3.0,19.0,11.0,0.0,313.0,9.0,0.0,47.0,80.0,37.0,47.0,24.0,33.0,3.0,4.0,15.0,177.0,23.0,73.0,29.0,43.0,5.0,11.0,15.0,61.0,80.0,52.0,116.0,113.0,t,f,t,France
82,2010-05-24,2010-06-06,France,Clay,7580800.0,€,2010,dusan-lojda,D. Lojda,giovanni-lapentti,G. Lapentti,roland-garros,1st Round Qualifying,2.0,f,2000,-2,01:09:00,96.0,2.0,12.0,3.0,0.0,0.0,326.0,2.0,0.0,32.0,42.0,25.0,32.0,7.0,10.0,0.0,0.0,8.0,192.0,14.0,31.0,13.0,23.0,4.0,12.0,7.0,32.0,42.0,27.0,54.0,59.0,t,f,,t,France,0.0,3.0,12.0,0.0,196.0,2.0,3.0,31.0,54.0,17.0,31.0,10.0,23.0,8.0,12.0,7.0,52.0,7.0,32.0,3.0,10.0,0.0,0.0,8.0,27.0,54.0,10.0,42.0,37.0,f,f,f,France
83,2010-05-24,2010-06-06,France,Clay,7580800.0,€,2010,dusan-lojda,D. Lojda,ricardo-hocevar,R. Hocevar,roland-garros,2nd Round Qualifying,2.0,f,2000,-1,01:35:00,129.0,0.0,8.0,13.0,0.0,0.0,243.0,2.0,1.0,33.0,62.0,21.0,33.0,16.0,29.0,2.0,5.0,10.0,136.0,8.0,49.0,11.0,18.0,1.0,2.0,11.0,37.0,62.0,19.0,67.0,56.0,f,f,,f,France,2.0,13.0,8.0,0.0,297.0,11.0,0.0,49.0,67.0,41.0,49.0,7.0,18.0,1.0,2.0,11.0,171.0,12.0,33.0,13.0,29.0,3.0,5.0,10.0,48.0,67.0,25.0,62.0,73.0,t,f,t,France
84,2010-05-24,2010-06-06,France,Clay,7580800.0,€,2010,edouard-roger-vasselin,E. Roger-Vasselin,kevin-anderson,K. Anderson,roland-garros,Round of 128,5.0,f,2000,1,03:16:00,284.0,3.0,24.0,22.0,1.0,1.0,265.0,7.0,8.0,94.0,150.0,69.0,94.0,29.0,56.0,10.0,15.0,23.0,156.0,27.0,92.0,23.0,42.0,5.0,10.0,22.0,98.0,150.0,50.0,134.0,148.0,t,f,WC,f,France,2.0,22.0,24.0,0.0,272.0,15.0,5.0,92.0,134.0,65.0,92.0,19.0,42.0,5.0,10.0,22.0,129.0,25.0,94.0,27.0,56.0,5.0,15.0,23.0,84.0,134.0,52.0,150.0,136.0,f,f,t,France
85,2010-05-24,2010-06-06,France,Clay,7580800.0,€,2010,edouard-roger-vasselin,E. Roger-Vasselin,tomas-berdych,T. Berdych,roland-garros,Round of 64,3.0,f,2000,2,02:05:00,182.0,0.0,10.0,19.0,0.0,0.0,227.0,3.0,3.0,65.0,97.0,40.0,65.0,13.0,32.0,6.0,12.0,14.0,105.0,8.0,51.0,16.0,34.0,2.0,7.0,15.0,53.0,97.0,24.0,85.0,77.0,f,f,WC,f,France,3.0,19.0,10.0,0.0,283.0,5.0,5.0,51.0,85.0,43.0,51.0,18.0,34.0,5.0,7.0,15.0,189.0,25.0,65.0,19.0,32.0,6.0,12.0,14.0,61.0,85.0,44.0,97.0,105.0,t,f,t,France
86,2010-05-24,2010-06-06,France,Clay,7580800.0,€,2010,eric-prodon,E. Prodon,ryan-harrison,R. Harrison,roland-garros,1st Round Qualifying,3.0,f,2000,-2,01:44:00,166.0,1.0,13.0,16.0,0.0,0.0,245.0,2.0,5.0,43.0,88.0,28.0,43.0,25.0,45.0,6.0,9.0,14.0,142.0,13.0,54.0,9.0,24.0,2.0,3.0,15.0,53.0,88.0,22.0,78.0,75.0,f,f,WC,t,France,2.0,16.0,13.0,0.0,297.0,3.0,0.0,54.0,78.0,41.0,54.0,15.0,24.0,1.0,3.0,15.0,133.0,15.0,43.0,20.0,45.0,3.0,9.0,14.0,56.0,78.0,35.0,88.0,91.0,t,f,f,France
87,2010-05-24,2010-06-06,France,Clay,7580800.0,€,2010,ernests-gulbis,E. Gulbis,julien-benneteau,J. Benneteau,roland-garros,Round of 128,3.0,f,2000,1,01:42:00,123.0,0.0,6.0,13.0,0.0,0.0,205.0,4.0,2.0,30.0,65.0,20.0,30.0,14.0,35.0,5.0,10.0,10.0,108.0,11.0,36.0,9.0,22.0,1.0,4.0,9.0,34.0,65.0,20.0,58.0,54.0,f,t,23,f,France,3.0,13.0,6.0,0.0,280.0,3.0,1.0,36.0,58.0,25.0,36.0,13.0,22.0,3.0,4.0,9.0,193.0,10.0,30.0,21.0,35.0,5.0,10.0,10.0,38.0,58.0,31.0,65.0,69.0,t,t,t,France
88,2010-05-24,2010-06-06,France,Clay,7580800.0,€,2010,evgeny-korolev,E. Korolev,novak-djokovic,N. Djokovic,roland-garros,Round of 128,4.0,f,2000,1,02:08:00,190.0,1.0,11.0,21.0,0.0,0.0,213.0,4.0,4.0,46.0,93.0,29.0,46.0,21.0,47.0,5.0,12.0,16.0,119.0,13.0,61.0,19.0,36.0,2.0,6.0,16.0,50.0,93.0,32.0,97.0,82.0,f,f,,f,France,3.0,21.0,11.0,0.0,279.0,7.0,4.0,61.0,97.0,48.0,61.0,17.0,36.0,4.0,6.0,16.0,193.0,17.0,46.0,26.0,47.0,7.0,12.0,16.0,65.0,97.0,43.0,93.0,108.0,t,f,t,France
89,2010-05-24,2010-06-06,France,Clay,7580800.0,€,2010,fabio-fognini,F. Fognini,gael-monfils,G. Monfils,roland-garros,Round of 64,5.0,f,2000,2,04:16:00,367.0,3.0,28.0,28.0,0.0,0.0,244.0,3.0,7.0,110.0,167.0,74.0,110.0,25.0,57.0,8.0,16.0,28.0,163.0,49.0,129.0,39.0,71.0,8.0,19.0,28.0,99.0,167.0,88.0,200.0,187.0,t,f,,f,France,2.0,28.0,28.0,0.0,253.0,15.0,5.0,129.0,200.0,80.0,129.0,32.0,71.0,11.0,19.0,28.0,167.0,36.0,110.0,32.0,57.0,8.0,16.0,28.0,112.0,200.0,68.0,167.0,180.0,f,f,t,France
90,2010-05-24,2010-06-06,France,Clay,7580800.0,€,2010,fabio-fognini,F. Fognini,nicolas-massu,N. Massu,roland-garros,Round of 128,5.0,f,2000,1,03:34:00,272.0,3.0,23.0,19.0,0.0,0.0,250.0,5.0,7.0,82.0,129.0,59.0,82.0,19.0,47.0,4.0,9.0,21.0,165.0,34.0,91.0,31.0,52.0,7.0,20.0,21.0,78.0,129.0,65.0,143.0,143.0,t,f,,t,France,2.0,19.0,23.0,0.0,236.0,8.0,5.0,91.0,143.0,57.0,91.0,21.0,52.0,13.0,20.0,21.0,167.0,23.0,82.0,28.0,47.0,5.0,9.0,21.0,78.0,143.0,51.0,129.0,129.0,f,f,f,France
91,2010-05-24,2010-06-06,France,Clay,7580800.0,€,2010,fabio-fognini,F. Fognini,stan-wawrinka,S. Wawrinka,roland-garros,Round of 32,3.0,f,2000,3,01:52:00,169.0,0.0,8.0,18.0,0.0,0.0,207.0,1.0,6.0,52.0,90.0,32.0,52.0,15.0,38.0,5.0,11.0,13.0,101.0,14.0,46.0,13.0,33.0,1.0,4.0,13.0,47.0,90.0,27.0,79.0,74.0,f,f,,f,France,3.0,18.0,8.0,0.0,285.0,7.0,3.0,46.0,79.0,32.0,46.0,20.0,33.0,3.0,4.0,13.0,200.0,20.0,52.0,23.0,38.0,6.0,11.0,13.0,52.0,79.0,43.0,90.0,95.0,t,f,t,France
92,2010-05-24,2010-06-06,France,Clay,7580800.0,€,2010,federico-delbonis,F. Delbonis,flavio-cipolla,F. Cipolla,roland-garros,1st Round Qualifying,2.0,f,2000,-2,01:49:00,161.0,0.0,11.0,14.0,0.0,1.0,262.0,1.0,1.0,47.0,84.0,34.0,47.0,19.0,37.0,4.0,6.0,12.0,104.0,11.0,53.0,12.0,24.0,1.0,4.0,12.0,53.0,84.0,23.0,77.0,76.0,f,f,23,f,France,2.0,14.0,11.0,1.0,287.0,0.0,2.0,53.0,77.0,42.0,53.0,12.0,24.0,3.0,4.0,12.0,126.0,13.0,47.0,18.0,37.0,2.0,6.0,12.0,54.0,77.0,31.0,84.0,85.0,t,f,t,France
93,2010-05-24,2010-06-06,France,Clay,7580800.0,€,2010,feliciano-lopez,F. Lopez,julian-reister,J. Reister,roland-garros,Round of 128,3.0,f,2000,1,02:14:00,195.0,0.0,9.0,19.0,0.0,1.0,242.0,10.0,1.0,55.0,98.0,39.0,55.0,16.0,43.0,6.0,10.0,13.0,68.0,13.0,63.0,16.0,34.0,0.0,5.0,14.0,55.0,98.0,29.0,97.0,84.0,f,f,27,f,France,3.0,19.0,9.0,1.0,295.0,3.0,5.0,63.0,97.0,50.0,63.0,18.0,34.0,5.0,5.0,14.0,162.0,16.0,55.0,27.0,43.0,4.0,10.0,13.0,68.0,97.0,43.0,98.0,111.0,t,f,t,France
94,2010-05-24,2010-06-06,France,Clay,7580800.0,€,2010,fernando-gonzalez,F. Gonzalez,thiago-alves,T. Alves,roland-garros,Round of 128,4.0,f,2000,1,02:17:00,200.0,3.0,22.0,16.0,0.0,0.0,296.0,21.0,6.0,57.0,99.0,47.0,57.0,24.0,42.0,4.0,7.0,19.0,188.0,23.0,77.0,16.0,24.0,6.0,10.0,19.0,71.0,99.0,39.0,101.0,110.0,t,f,12,t,France,1.0,16.0,22.0,0.0,251.0,5.0,1.0,77.0,101.0,54.0,77.0,8.0,24.0,4.0,10.0,19.0,119.0,10.0,57.0,18.0,42.0,3.0,7.0,19.0,62.0,101.0,28.0,99.0,90.0,f,f,f,France
95,2010-05-24,2010-06-06,France,Clay,7580800.0,€,2010,fernando-verdasco,F. Verdasco,florent-serra,F. Serra,roland-garros,Round of 64,4.0,f,2000,2,02:15:00,194.0,3.0,18.0,14.0,0.0,0.0,252.0,3.0,2.0,57.0,86.0,41.0,57.0,13.0,29.0,1.0,6.0,16.0,183.0,30.0,63.0,24.0,45.0,7.0,18.0,16.0,54.0,86.0,54.0,108.0,108.0,t,f,7,t,France,1.0,14.0,18.0,0.0,214.0,2.0,1.0,63.0,108.0,33.0,63.0,21.0,45.0,11.0,18.0,16.0,197.0,16.0,57.0,16.0,29.0,5.0,6.0,16.0,54.0,108.0,32.0,86.0,86.0,f,f,f,France
96,2010-05-24,2010-06-06,France,Clay,7580800.0,€,2010,fernando-verdasco,F. Verdasco,igor-kunitsyn,I. Kunitsyn,roland-garros,Round of 128,3.0,f,2000,1,01:55:00,153.0,3.0,18.0,8.0,0.0,0.0,310.0,6.0,2.0,57.0,78.0,42.0,57.0,14.0,21.0,4.0,5.0,13.0,215.0,17.0,46.0,21.0,29.0,6.0,10.0,13.0,56.0,78.0,38.0,75.0,94.0,t,f,7,t,France,0.0,8.0,18.0,0.0,207.0,3.0,1.0,46.0,75.0,29.0,46.0,8.0,29.0,4.0,10.0,13.0,86.0,15.0,57.0,7.0,21.0,1.0,5.0,13.0,37.0,75.0,22.0,78.0,59.0,f,f,f,France
97,2010-05-24,2010-06-06,France,Clay,7580800.0,€,2010,fernando-verdasco,F. Verdasco,nicolas-almagro,N. Almagro,roland-garros,Round of 16,4.0,f,2000,4,02:12:00,184.0,1.0,12.0,22.0,0.0,0.0,249.0,2.0,3.0,73.0,96.0,42.0,73.0,12.0,23.0,6.0,12.0,17.0,155.0,9.0,45.0,13.0,43.0,1.0,1.0,17.0,54.0,96.0,22.0,88.0,76.0,f,f,7,f,France,3.0,22.0,12.0,0.0,300.0,6.0,1.0,45.0,88.0,36.0,45.0,30.0,43.0,0.0,1.0,17.0,175.0,31.0,73.0,11.0,23.0,6.0,12.0,17.0,66.0,88.0,42.0,96.0,108.0,t,f,t,France
98,2010-05-24,2010-06-06,France,Clay,7580800.0,€,2010,fernando-verdasco,F. Verdasco,philipp-kohlschreiber,P. Kohlschreiber,roland-garros,Round of 32,5.0,f,2000,3,04:02:00,325.0,3.0,26.0,23.0,0.0,1.0,237.0,5.0,15.0,128.0,170.0,85.0,128.0,15.0,42.0,9.0,16.0,24.0,183.0,29.0,91.0,39.0,64.0,9.0,17.0,24.0,100.0,170.0,68.0,155.0,168.0,t,f,7,f,France,2.0,23.0,26.0,1.0,225.0,3.0,6.0,91.0,155.0,62.0,91.0,25.0,64.0,8.0,17.0,24.0,171.0,43.0,128.0,27.0,42.0,7.0,16.0,24.0,87.0,155.0,70.0,170.0,157.0,f,f,t,France
99,2010-05-24,2010-06-06,France,Clay,7580800.0,€,2010,filippo-volandri,F. Volandri,julian-reister,J. Reister,roland-garros,1st Round Qualifying,3.0,f,2000,-2,01:53:00,170.0,1.0,11.0,17.0,0.0,0.0,233.0,0.0,5.0,55.0,83.0,34.0,55.0,13.0,28.0,1.0,6.0,14.0,109.0,19.0,57.0,11.0,30.0,2.0,8.0,14.0,47.0,83.0,30.0,87.0,77.0,f,f,13,f,France,2.0,17.0,11.0,0.0,280.0,1.0,2.0,57.0,87.0,38.0,57.0,19.0,30.0,6.0,8.0,14.0,210.0,21.0,55.0,15.0,28.0,5.0,6.0,14.0,57.0,87.0,36.0,83.0,93.0,t,f,t,France
100,2010-05-24,2010-06-06,France,Clay,7580800.0,€,2010,flavio-cipolla,F. Cipolla,ryler-deheart,R. DeHeart,roland-garros,2nd Round Qualifying,3.0,f,2000,-1,02:05:00,193.0,1.0,13.0,16.0,0.0,0.0,254.0,1.0,4.0,76.0,102.0,46.0,76.0,13.0,26.0,8.0,12.0,14.0,124.0,18.0,58.0,16.0,33.0,3.0,12.0,15.0,59.0,102.0,34.0,91.0,93.0,f,f,,t,France,2.0,16.0,13.0,0.0,264.0,1.0,2.0,58.0,91.0,40.0,58.0,17.0,33.0,9.0,12.0,15.0,150.0,30.0,76.0,13.0,26.0,4.0,12.0,14.0,57.0,91.0,43.0,102.0,100.0,t,f,f,France
101,2010-05-24,2010-06-06,France,Clay,7580800.0,€,2010,florent-serra,F. Serra,michael-russell,M. Russell,roland-garros,Round of 128,3.0,f,2000,1,01:39:00,138.0,3.0,18.0,5.0,0.0,0.0,297.0,6.0,1.0,43.0,65.0,33.0,43.0,13.0,22.0,6.0,7.0,11.0,231.0,17.0,33.0,25.0,40.0,8.0,16.0,12.0,46.0,65.0,42.0,73.0,88.0,t,f,,t,France,0.0,5.0,18.0,0.0,155.0,1.0,10.0,33.0,73.0,16.0,33.0,15.0,40.0,8.0,16.0,12.0,87.0,10.0,43.0,9.0,22.0,1.0,7.0,11.0,31.0,73.0,19.0,65.0,50.0,f,f,f,France
102,2010-05-24,2010-06-06,France,Clay,7580800.0,€,2010,fred-gil,F. Gil,martin-klizan,M. Klizan,roland-garros,2nd Round Qualifying,2.0,f,2000,-1,01:08:00,119.0,0.0,6.0,12.0,0.0,0.0,240.0,2.0,2.0,42.0,59.0,26.0,42.0,7.0,17.0,3.0,6.0,9.0,63.0,9.0,31.0,10.0,29.0,0.0,3.0,9.0,33.0,59.0,19.0,60.0,52.0,f,f,2,f,France,2.0,12.0,6.0,0.0,289.0,3.0,3.0,31.0,60.0,22.0,31.0,19.0,29.0,3.0,3.0,9.0,180.0,16.0,42.0,10.0,17.0,3.0,6.0,9.0,41.0,60.0,26.0,59.0,67.0,t,f,t,France
103,2010-05-24,2010-06-06,France,Clay,7580800.0,€,2010,gaston-gaudio,G. Gaudio,lester-cook,L. Cook,roland-garros,1st Round Qualifying,2.0,f,2000,-2,01:19:00,125.0,2.0,13.0,8.0,0.0,0.0,286.0,0.0,3.0,53.0,63.0,40.0,53.0,4.0,10.0,2.0,3.0,10.0,156.0,14.0,39.0,13.0,23.0,3.0,9.0,10.0,44.0,63.0,27.0,62.0,71.0,t,f,,t,France,0.0,8.0,13.0,0.0,242.0,4.0,2.0,39.0,62.0,25.0,39.0,10.0,23.0,6.0,9.0,10.0,128.0,13.0,53.0,6.0,10.0,1.0,3.0,10.0,35.0,62.0,19.0,63.0,54.0,f,f,f,France
104,2010-05-24,2010-06-06,France,Clay,7580800.0,€,2010,gaston-gaudio,G. Gaudio,thiago-alves,T. Alves,roland-garros,2nd Round Qualifying,2.0,f,2000,-1,01:26:00,123.0,0.0,5.0,12.0,0.0,0.0,243.0,0.0,2.0,46.0,56.0,28.0,46.0,4.0,10.0,4.0,7.0,8.0,75.0,10.0,44.0,12.0,23.0,0.0,5.0,9.0,32.0,56.0,22.0,67.0,54.0,f,f,,f,France,2.0,12.0,5.0,0.0,293.0,3.0,1.0,44.0,67.0,34.0,44.0,11.0,23.0,5.0,5.0,9.0,179.0,18.0,46.0,6.0,10.0,3.0,7.0,8.0,45.0,67.0,24.0,56.0,69.0,t,f,t,France
105,2010-05-24,2010-06-06,France,Clay,7580800.0,€,2010,gianni-mina,G. Mina,rafael-nadal,R. Nadal,roland-garros,Round of 128,3.0,f,2000,1,02:23:00,174.0,0.0,6.0,18.0,0.0,0.0,196.0,3.0,4.0,42.0,83.0,26.0,42.0,14.0,41.0,6.0,12.0,12.0,77.0,18.0,62.0,14.0,29.0,0.0,9.0,12.0,40.0,83.0,32.0,91.0,72.0,f,f,WC,f,France,3.0,18.0,6.0,0.0,291.0,0.0,0.0,62.0,91.0,44.0,62.0,15.0,29.0,9.0,9.0,12.0,204.0,16.0,42.0,27.0,41.0,6.0,12.0,12.0,59.0,91.0,43.0,83.0,102.0,t,f,t,France
106,2010-05-24,2010-06-06,France,Clay,7580800.0,€,2010,grega-zemlja,G. Zemlja,guillermo-alcaide,G. Alcaide,roland-garros,2nd Round Qualifying,2.0,f,2000,-1,01:09:00,119.0,2.0,12.0,8.0,0.0,0.0,308.0,7.0,2.0,39.0,59.0,32.0,39.0,11.0,20.0,4.0,4.0,10.0,133.0,11.0,36.0,10.0,24.0,2.0,5.0,10.0,43.0,59.0,21.0,60.0,64.0,t,f,26,t,France,0.0,8.0,12.0,0.0,272.0,7.0,2.0,36.0,60.0,25.0,36.0,14.0,24.0,3.0,5.0,10.0,63.0,7.0,39.0,9.0,20.0,0.0,4.0,10.0,39.0,60.0,16.0,59.0,55.0,f,f,f,France
107,2010-05-24,2010-06-06,France,Clay,7580800.0,€,2010,grega-zemlja,G. Zemlja,juan-monaco,J. Monaco,roland-garros,Round of 128,4.0,f,2000,1,03:00:00,278.0,3.0,23.0,20.0,1.0,1.0,284.0,14.0,6.0,96.0,153.0,73.0,96.0,27.0,57.0,15.0,17.0,21.0,130.0,24.0,87.0,17.0,38.0,3.0,7.0,21.0,100.0,153.0,41.0,125.0,141.0,t,f,Q,t,France,1.0,20.0,23.0,0.0,286.0,8.0,4.0,87.0,125.0,63.0,87.0,21.0,38.0,4.0,7.0,21.0,98.0,23.0,96.0,30.0,57.0,2.0,17.0,21.0,84.0,125.0,53.0,153.0,137.0,f,f,f,France
108,2010-05-24,2010-06-06,France,Clay,7580800.0,€,2010,grega-zemlja,G. Zemlja,santiago-ventura,S. Ventura,roland-garros,3rd Round Qualifying,3.0,f,2000,0,02:15:00,190.0,2.0,15.0,13.0,0.0,0.0,256.0,1.0,3.0,75.0,97.0,45.0,75.0,11.0,22.0,3.0,7.0,14.0,195.0,25.0,66.0,16.0,27.0,5.0,8.0,14.0,56.0,97.0,41.0,93.0,97.0,t,f,26,f,France,1.0,13.0,15.0,0.0,237.0,2.0,3.0,66.0,93.0,41.0,66.0,11.0,27.0,3.0,8.0,14.0,175.0,30.0,75.0,11.0,22.0,4.0,7.0,14.0,52.0,93.0,41.0,97.0,93.0,f,f,t,France
109,2010-05-24,2010-06-06,France,Clay,7580800.0,€,2010,grega-zemlja,G. Zemlja,teymuraz-gabashvili,T. Gabashvili,roland-garros,Round of 64,3.0,f,2000,2,01:27:00,154.0,0.0,5.0,18.0,0.0,0.0,198.0,7.0,3.0,61.0,98.0,36.0,61.0,12.0,37.0,10.0,17.0,12.0,38.0,7.0,30.0,4.0,26.0,0.0,0.0,11.0,48.0,98.0,11.0,56.0,59.0,f,f,Q,f,France,3.0,18.0,5.0,0.0,318.0,3.0,1.0,30.0,56.0,23.0,30.0,22.0,26.0,0.0,0.0,11.0,208.0,25.0,61.0,25.0,37.0,7.0,17.0,12.0,45.0,56.0,50.0,98.0,95.0,t,f,t,France
110,2010-05-24,2010-06-06,France,Clay,7580800.0,€,2010,grega-zemlja,G. Zemlja,uladzimir-ignatik,U. Ignatik,roland-garros,1st Round Qualifying,3.0,f,2000,-2,02:02:00,193.0,2.0,18.0,13.0,0.0,1.0,296.0,14.0,3.0,52.0,89.0,40.0,52.0,21.0,37.0,1.0,2.0,15.0,151.0,17.0,65.0,23.0,39.0,4.0,10.0,15.0,61.0,89.0,40.0,104.0,101.0,t,f,26,f,France,1.0,13.0,18.0,1.0,252.0,7.0,6.0,65.0,104.0,48.0,65.0,16.0,39.0,6.0,10.0,15.0,122.0,12.0,52.0,16.0,37.0,1.0,2.0,15.0,64.0,104.0,28.0,89.0,92.0,f,f,t,France
111,2010-05-24,2010-06-06,France,Clay,7580800.0,€,2010,greg-jones,G. Jones,pavol-cervenak,P. Cervenak,roland-garros,1st Round Qualifying,3.0,f,2000,-2,01:33:00,127.0,1.0,10.0,13.0,0.0,0.0,238.0,0.0,1.0,46.0,66.0,28.0,46.0,10.0,20.0,3.0,8.0,12.0,171.0,14.0,47.0,10.0,14.0,3.0,7.0,11.0,38.0,66.0,24.0,61.0,62.0,f,f,,t,France,2.0,13.0,10.0,0.0,248.0,2.0,2.0,47.0,61.0,33.0,47.0,4.0,14.0,4.0,7.0,11.0,193.0,18.0,46.0,10.0,20.0,5.0,8.0,12.0,37.0,61.0,28.0,66.0,65.0,t,f,f,France
112,2010-05-24,2010-06-06,France,Clay,7580800.0,€,2010,guillaume-rufin,G. Rufin,victor-crivoi,V. Crivoi,roland-garros,1st Round Qualifying,2.0,f,2000,-2,01:17:00,115.0,0.0,8.0,13.0,0.0,0.0,235.0,3.0,2.0,43.0,64.0,24.0,43.0,12.0,21.0,3.0,8.0,11.0,152.0,8.0,37.0,6.0,14.0,2.0,3.0,10.0,36.0,64.0,14.0,51.0,50.0,f,f,30,f,France,2.0,13.0,8.0,0.0,289.0,4.0,3.0,37.0,51.0,29.0,37.0,8.0,14.0,1.0,3.0,10.0,195.0,19.0,43.0,9.0,21.0,5.0,8.0,11.0,37.0,51.0,28.0,64.0,65.0,t,f,t,France
113,2010-05-24,2010-06-06,France,Clay,7580800.0,€,2010,guillermo-alcaide,G. Alcaide,riccardo-ghedin,R. Ghedin,roland-garros,1st Round Qualifying,2.0,f,2000,-2,00:56:00,102.0,2.0,12.0,5.0,0.0,0.0,316.0,4.0,0.0,34.0,43.0,23.0,34.0,7.0,9.0,2.0,3.0,8.0,216.0,14.0,35.0,17.0,24.0,5.0,10.0,9.0,30.0,43.0,31.0,59.0,61.0,t,f,,t,France,0.0,5.0,12.0,0.0,190.0,3.0,5.0,35.0,59.0,21.0,35.0,7.0,24.0,5.0,10.0,9.0,99.0,11.0,34.0,2.0,9.0,1.0,3.0,8.0,28.0,59.0,13.0,43.0,41.0,f,f,f,France
114,2010-05-24,2010-06-06,France,Clay,7580800.0,€,2010,guillermo-garcia-lopez,G. Garcia-Lopez,rainer-schuettler,R. Schuettler,roland-garros,Round of 128,3.0,f,2000,1,02:22:00,202.0,3.0,19.0,11.0,0.0,0.0,292.0,5.0,5.0,60.0,104.0,45.0,60.0,26.0,44.0,5.0,5.0,15.0,151.0,13.0,54.0,27.0,44.0,4.0,10.0,15.0,71.0,104.0,40.0,98.0,111.0,t,f,32,t,France,0.0,11.0,19.0,0.0,239.0,0.0,4.0,54.0,98.0,41.0,54.0,17.0,44.0,6.0,10.0,15.0,66.0,15.0,60.0,18.0,44.0,0.0,5.0,15.0,58.0,98.0,33.0,104.0,91.0,f,f,f,France
115,2010-05-24,2010-06-06,France,Clay,7580800.0,€,2010,guillermo-garcia-lopez,G. Garcia-Lopez,thiemo-de-bakker,T. de Bakker,roland-garros,Round of 64,4.0,f,2000,2,02:52:00,260.0,1.0,20.0,23.0,0.0,1.0,264.0,4.0,8.0,90.0,134.0,66.0,90.0,21.0,44.0,3.0,7.0,21.0,122.0,15.0,81.0,25.0,45.0,3.0,9.0,21.0,87.0,134.0,40.0,126.0,127.0,f,f,32,f,France,3.0,23.0,20.0,1.0,287.0,15.0,2.0,81.0,126.0,66.0,81.0,20.0,45.0,6.0,9.0,21.0,155.0,24.0,90.0,23.0,44.0,4.0,7.0,21.0,86.0,126.0,47.0,134.0,133.0,t,f,t,France
116,2010-05-24,2010-06-06,France,Clay,7580800.0,€,2010,horacio-zeballos,H. Zeballos,martin-fischer,M. Fischer,roland-garros,Round of 128,5.0,f,2000,1,04:05:00,350.0,3.0,28.0,29.0,1.0,2.0,284.0,18.0,6.0,105.0,164.0,77.0,105.0,32.0,59.0,3.0,8.0,27.0,123.0,21.0,95.0,44.0,91.0,5.0,14.0,28.0,109.0,164.0,65.0,186.0,174.0,t,f,,t,France,2.0,29.0,28.0,1.0,271.0,14.0,6.0,95.0,186.0,74.0,95.0,47.0,91.0,9.0,14.0,28.0,154.0,28.0,105.0,27.0,59.0,5.0,8.0,27.0,121.0,186.0,55.0,164.0,176.0,f,f,f,France
117,2010-05-24,2010-06-06,France,Clay,7580800.0,€,2010,horacio-zeballos,H. Zeballos,rafael-nadal,R. Nadal,roland-garros,Round of 64,3.0,f,2000,2,01:45:00,150.0,0.0,7.0,18.0,0.0,0.0,211.0,2.0,0.0,48.0,76.0,24.0,48.0,13.0,28.0,4.0,10.0,12.0,97.0,12.0,59.0,8.0,15.0,1.0,6.0,13.0,37.0,76.0,20.0,74.0,57.0,f,f,,f,France,3.0,18.0,7.0,0.0,298.0,1.0,2.0,59.0,74.0,47.0,59.0,7.0,15.0,5.0,6.0,13.0,214.0,24.0,48.0,15.0,28.0,6.0,10.0,12.0,54.0,74.0,39.0,76.0,93.0,t,f,t,France
118,2010-05-24,2010-06-06,France,Clay,7580800.0,€,2010,igor-sijsling,I. Sijsling,nicolas-devilder,N. Devilder,roland-garros,1st Round Qualifying,2.0,f,2000,-2,01:15:00,134.0,0.0,7.0,12.0,0.0,0.0,205.0,2.0,6.0,41.0,75.0,25.0,41.0,13.0,34.0,4.0,8.0,9.0,161.0,12.0,44.0,7.0,15.0,2.0,3.0,10.0,38.0,75.0,19.0,59.0,57.0,f,f,33,f,France,2.0,12.0,7.0,0.0,282.0,2.0,1.0,44.0,59.0,32.0,44.0,8.0,15.0,1.0,3.0,10.0,195.0,16.0,41.0,21.0,34.0,4.0,8.0,9.0,40.0,59.0,37.0,75.0,77.0,t,f,t,France
119,2010-05-24,2010-06-06,France,Clay,7580800.0,€,2010,ilija-bozoljac,I. Bozoljac,pavol-cervenak,P. Cervenak,roland-garros,2nd Round Qualifying,3.0,f,2000,-1,02:45:00,248.0,1.0,20.0,22.0,1.0,2.0,280.0,9.0,12.0,64.0,121.0,57.0,64.0,29.0,57.0,5.0,7.0,20.0,98.0,16.0,65.0,22.0,62.0,1.0,3.0,20.0,86.0,121.0,38.0,127.0,124.0,f,f,20,t,France,2.0,22.0,20.0,1.0,286.0,6.0,6.0,65.0,127.0,49.0,65.0,40.0,62.0,2.0,3.0,20.0,99.0,7.0,64.0,28.0,57.0,2.0,7.0,20.0,89.0,127.0,35.0,121.0,124.0,t,f,f,France
120,2010-05-24,2010-06-06,France,Clay,7580800.0,€,2010,ilija-bozoljac,I. Bozoljac,vincent-millot,V. Millot,roland-garros,1st Round Qualifying,2.0,f,2000,-2,01:09:00,111.0,2.0,12.0,6.0,0.0,0.0,279.0,10.0,2.0,33.0,57.0,26.0,33.0,11.0,24.0,2.0,3.0,9.0,203.0,19.0,36.0,7.0,18.0,4.0,6.0,9.0,37.0,57.0,26.0,54.0,63.0,t,f,20,t,France,0.0,6.0,12.0,0.0,230.0,0.0,0.0,36.0,54.0,17.0,36.0,11.0,18.0,2.0,6.0,9.0,119.0,7.0,33.0,13.0,24.0,1.0,3.0,9.0,28.0,54.0,20.0,57.0,48.0,f,f,f,France
121,2010-05-24,2010-06-06,France,Clay,7580800.0,€,2010,illya-marchenko,I. Marchenko,potito-starace,P. Starace,roland-garros,Round of 128,4.0,f,2000,1,03:05:00,250.0,1.0,14.0,24.0,1.0,1.0,222.0,7.0,8.0,76.0,135.0,49.0,76.0,25.0,59.0,6.0,13.0,18.0,134.0,28.0,93.0,6.0,22.0,2.0,3.0,19.0,74.0,135.0,34.0,115.0,108.0,f,f,,t,France,3.0,24.0,14.0,0.0,318.0,5.0,0.0,93.0,115.0,65.0,93.0,16.0,22.0,1.0,3.0,19.0,186.0,27.0,76.0,34.0,59.0,7.0,13.0,18.0,81.0,115.0,61.0,135.0,142.0,t,f,f,France
122,2010-05-24,2010-06-06,France,Clay,7580800.0,€,2010,ivan-dodig,I. Dodig,rui-machado,R. Machado,roland-garros,1st Round Qualifying,3.0,f,2000,-2,02:24:00,186.0,1.0,15.0,17.0,0.0,0.0,242.0,7.0,1.0,59.0,97.0,46.0,59.0,11.0,38.0,4.0,9.0,16.0,139.0,16.0,50.0,15.0,39.0,4.0,9.0,16.0,57.0,97.0,31.0,89.0,88.0,f,f,,f,France,2.0,17.0,15.0,0.0,260.0,2.0,3.0,50.0,89.0,34.0,50.0,24.0,39.0,5.0,9.0,16.0,180.0,13.0,59.0,27.0,38.0,5.0,9.0,16.0,58.0,89.0,40.0,97.0,98.0,t,f,t,France
123,2010-05-24,2010-06-06,France,Clay,7580800.0,€,2010,ivan-ljubicic,I. Ljubicic,mardy-fish,M. Fish,roland-garros,Round of 64,5.0,f,2000,2,04:38:00,371.0,3.0,32.0,25.0,0.0,1.0,294.0,18.0,1.0,106.0,180.0,84.0,106.0,37.0,74.0,7.0,10.0,28.0,140.0,23.0,105.0,50.0,86.0,7.0,20.0,28.0,121.0,180.0,73.0,191.0,194.0,t,f,14,t,France,2.0,25.0,32.0,1.0,255.0,10.0,5.0,105.0,191.0,82.0,105.0,36.0,86.0,13.0,20.0,28.0,111.0,22.0,106.0,37.0,74.0,3.0,10.0,28.0,118.0,191.0,59.0,180.0,177.0,f,f,f,France
124,2010-05-24,2010-06-06,France,Clay,7580800.0,€,2010,ivan-ljubicic,I. Ljubicic,thomaz-bellucci,T. Bellucci,roland-garros,Round of 32,3.0,f,2000,3,02:20:00,197.0,0.0,12.0,19.0,0.0,1.0,217.0,7.0,2.0,64.0,102.0,41.0,64.0,12.0,38.0,6.0,13.0,15.0,160.0,17.0,55.0,21.0,40.0,4.0,8.0,15.0,53.0,102.0,38.0,95.0,91.0,f,f,14,f,France,3.0,19.0,12.0,1.0,253.0,7.0,2.0,55.0,95.0,38.0,55.0,19.0,40.0,4.0,8.0,15.0,204.0,23.0,64.0,26.0,38.0,7.0,13.0,15.0,57.0,95.0,49.0,102.0,106.0,t,f,t,France
125,2010-05-24,2010-06-06,France,Clay,7580800.0,€,2010,ivan-ljubicic,I. Ljubicic,yen-hsun-lu,Y. Lu,roland-garros,Round of 128,3.0,f,2000,1,02:34:00,218.0,3.0,20.0,14.0,1.0,1.0,287.0,10.0,2.0,52.0,105.0,43.0,52.0,28.0,53.0,2.0,3.0,16.0,139.0,26.0,69.0,20.0,44.0,4.0,12.0,17.0,71.0,105.0,46.0,113.0,117.0,t,f,14,t,France,0.0,14.0,20.0,0.0,256.0,6.0,4.0,69.0,113.0,43.0,69.0,24.0,44.0,8.0,12.0,17.0,103.0,9.0,52.0,25.0,53.0,1.0,3.0,16.0,67.0,113.0,34.0,105.0,101.0,f,f,f,France
126,2010-05-24,2010-06-06,France,Clay,7580800.0,€,2010,ivan-navarro,I. Navarro,ricardo-hocevar,R. Hocevar,roland-garros,1st Round Qualifying,2.0,f,2000,-2,01:49:00,136.0,0.0,9.0,13.0,0.0,0.0,267.0,10.0,1.0,41.0,63.0,29.0,41.0,11.0,22.0,2.0,5.0,11.0,102.0,8.0,39.0,16.0,34.0,1.0,4.0,11.0,40.0,63.0,24.0,73.0,64.0,f,f,7,f,France,2.0,13.0,9.0,0.0,276.0,3.0,2.0,39.0,73.0,31.0,39.0,18.0,34.0,3.0,4.0,11.0,166.0,12.0,41.0,11.0,22.0,3.0,5.0,11.0,49.0,73.0,23.0,63.0,72.0,t,f,t,France
127,2010-05-24,2010-06-06,France,Clay,7580800.0,€,2010,ivan-sergeyev,I. Sergeyev,thierry-ascione,T. Ascione,roland-garros,1st Round Qualifying,2.0,f,2000,-2,01:12:00,113.0,0.0,8.0,13.0,0.0,0.0,239.0,5.0,4.0,24.0,54.0,17.0,24.0,16.0,30.0,2.0,5.0,10.0,78.0,6.0,35.0,9.0,24.0,1.0,7.0,11.0,33.0,54.0,15.0,59.0,48.0,f,f,,f,France,2.0,13.0,8.0,0.0,302.0,9.0,2.0,35.0,59.0,29.0,35.0,15.0,24.0,6.0,7.0,11.0,166.0,7.0,24.0,14.0,30.0,3.0,5.0,10.0,44.0,59.0,21.0,54.0,65.0,t,f,t,France
128,2010-05-24,2010-06-06,France,Clay,7580800.0,€,2010,james-ward,J. Ward,pablo-andujar,P. Andujar,roland-garros,1st Round Qualifying,3.0,f,2000,-2,01:49:00,154.0,1.0,13.0,15.0,0.0,0.0,254.0,5.0,3.0,52.0,80.0,32.0,52.0,15.0,28.0,2.0,6.0,14.0,146.0,12.0,53.0,11.0,21.0,3.0,6.0,14.0,47.0,80.0,23.0,74.0,70.0,f,f,,f,France,2.0,15.0,13.0,0.0,278.0,4.0,1.0,53.0,74.0,41.0,53.0,10.0,21.0,3.0,6.0,14.0,179.0,20.0,52.0,13.0,28.0,4.0,6.0,14.0,51.0,74.0,33.0,80.0,84.0,t,f,t,France
129,2010-05-24,2010-06-06,France,Clay,7580800.0,€,2010,jan-hajek,J. Hajek,stan-wawrinka,S. Wawrinka,roland-garros,Round of 128,3.0,f,2000,1,01:34:00,153.0,0.0,7.0,18.0,0.0,0.0,218.0,0.0,3.0,66.0,87.0,38.0,66.0,6.0,21.0,8.0,13.0,12.0,41.0,3.0,39.0,9.0,27.0,0.0,3.0,13.0,44.0,87.0,12.0,66.0,56.0,f,f,,f,France,3.0,18.0,7.0,0.0,325.0,10.0,3.0,39.0,66.0,36.0,39.0,18.0,27.0,3.0,3.0,13.0,192.0,28.0,66.0,15.0,21.0,5.0,13.0,12.0,54.0,66.0,43.0,87.0,97.0,t,f,t,France
130,2010-05-24,2010-06-06,France,Clay,7580800.0,€,2010,jan-minar,J. Minar,leonardo-tavares,L. Tavares,roland-garros,1st Round Qualifying,2.0,f,2000,-2,01:02:00,94.0,2.0,12.0,4.0,0.0,0.0,315.0,1.0,1.0,27.0,41.0,23.0,27.0,9.0,14.0,0.0,0.0,8.0,210.0,16.0,36.0,10.0,17.0,4.0,7.0,8.0,32.0,41.0,26.0,53.0,58.0,t,f,AL,t,France,0.0,4.0,12.0,0.0,218.0,3.0,0.0,36.0,53.0,20.0,36.0,7.0,17.0,3.0,7.0,8.0,51.0,4.0,27.0,5.0,14.0,0.0,0.0,8.0,27.0,53.0,9.0,41.0,36.0,f,f,f,France
131,2010-05-24,2010-06-06,France,Clay,7580800.0,€,2010,jan-minar,,simone-bolelli,,roland-garros,2nd Round Qualifying,1.0,f,2000,-1,,,0.0,0.0,0.0,0.0,0.0,,,,,,,,,,,,,,,,,,,,,,,,,,f,f,AL,,France,0.0,0.0,0.0,0.0,,,,,,,,,,,,,,,,,,,,,,,,,,t,f,,France
132,2010-05-24,2010-06-06,France,Clay,7580800.0,€,2010,jeremy-chardy,J. Chardy,lleyton-hewitt,L. Hewitt,roland-garros,Round of 128,3.0,f,2000,1,02:07:00,172.0,0.0,9.0,19.0,0.0,0.0,217.0,5.0,4.0,44.0,81.0,31.0,44.0,13.0,37.0,7.0,13.0,14.0,99.0,14.0,54.0,15.0,37.0,1.0,4.0,14.0,44.0,81.0,29.0,91.0,73.0,f,f,,f,France,3.0,19.0,9.0,0.0,283.0,4.0,5.0,54.0,91.0,40.0,54.0,22.0,37.0,3.0,4.0,14.0,183.0,13.0,44.0,24.0,37.0,6.0,13.0,14.0,62.0,91.0,37.0,81.0,99.0,t,f,t,France
133,2010-05-24,2010-06-06,France,Clay,7580800.0,€,2010,jesse-witten,J. Witten,john-millman,J. Millman,roland-garros,2nd Round Qualifying,2.0,f,2000,-1,00:56:00,95.0,2.0,12.0,3.0,0.0,0.0,342.0,2.0,0.0,30.0,38.0,22.0,30.0,7.0,8.0,0.0,0.0,7.0,266.0,20.0,43.0,12.0,14.0,5.0,7.0,8.0,29.0,38.0,32.0,57.0,61.0,t,f,,t,France,0.0,3.0,12.0,0.0,177.0,0.0,2.0,43.0,57.0,23.0,43.0,2.0,14.0,2.0,7.0,8.0,40.0,8.0,30.0,1.0,8.0,0.0,0.0,7.0,25.0,57.0,9.0,38.0,34.0,f,f,f,France
134,2010-05-24,2010-06-06,France,Clay,7580800.0,€,2010,jesse-witten,J. Witten,marcos-baghdatis,M. Baghdatis,roland-garros,Round of 128,3.0,f,2000,1,01:46:00,167.0,0.0,10.0,18.0,0.0,0.0,207.0,1.0,3.0,41.0,83.0,21.0,41.0,22.0,42.0,3.0,9.0,14.0,118.0,10.0,42.0,17.0,42.0,2.0,5.0,14.0,43.0,83.0,27.0,84.0,70.0,f,f,Q,f,France,3.0,18.0,10.0,0.0,277.0,8.0,2.0,42.0,84.0,32.0,42.0,25.0,42.0,3.0,5.0,14.0,206.0,20.0,41.0,20.0,42.0,6.0,9.0,14.0,57.0,84.0,40.0,83.0,97.0,t,f,t,France
135,2010-05-24,2010-06-06,France,Clay,7580800.0,€,2010,jesse-witten,J. Witten,marcos-daniel,M. Daniel,roland-garros,1st Round Qualifying,3.0,f,2000,-2,03:47:00,326.0,2.0,28.0,27.0,1.0,1.0,276.0,8.0,6.0,83.0,157.0,65.0,83.0,43.0,74.0,7.0,11.0,27.0,117.0,26.0,106.0,32.0,63.0,4.0,15.0,27.0,108.0,157.0,58.0,169.0,166.0,t,f,,t,France,1.0,27.0,28.0,0.0,277.0,7.0,2.0,106.0,169.0,80.0,106.0,31.0,63.0,11.0,15.0,27.0,114.0,18.0,83.0,31.0,74.0,4.0,11.0,27.0,111.0,169.0,49.0,157.0,160.0,f,f,f,France
136,2010-05-24,2010-06-06,France,Clay,7580800.0,€,2010,jesse-witten,J. Witten,pavol-cervenak,P. Cervenak,roland-garros,3rd Round Qualifying,2.0,f,2000,0,01:17:00,121.0,2.0,13.0,7.0,0.0,0.0,261.0,4.0,0.0,28.0,54.0,21.0,28.0,13.0,26.0,3.0,5.0,10.0,194.0,9.0,34.0,24.0,33.0,5.0,11.0,10.0,34.0,54.0,33.0,67.0,67.0,t,f,,t,France,0.0,7.0,13.0,0.0,203.0,1.0,0.0,34.0,67.0,25.0,34.0,9.0,33.0,6.0,11.0,10.0,135.0,7.0,28.0,13.0,26.0,2.0,5.0,10.0,34.0,67.0,20.0,54.0,54.0,f,f,f,France
137,2010-05-24,2010-06-06,France,Clay,7580800.0,€,2010,jiri-vanek,J. Vanek,somdev-devvarman,S. Devvarman,roland-garros,1st Round Qualifying,3.0,f,2000,-2,02:01:00,170.0,1.0,12.0,14.0,0.0,0.0,241.0,1.0,3.0,63.0,92.0,47.0,63.0,7.0,29.0,8.0,11.0,13.0,157.0,16.0,51.0,12.0,27.0,2.0,3.0,13.0,54.0,92.0,28.0,78.0,82.0,f,f,,t,France,2.0,14.0,12.0,0.0,276.0,4.0,2.0,51.0,78.0,35.0,51.0,15.0,27.0,1.0,3.0,13.0,151.0,16.0,63.0,22.0,29.0,3.0,11.0,13.0,50.0,78.0,38.0,92.0,88.0,t,f,f,France
138,2010-05-24,2010-06-06,France,Clay,7580800.0,€,2010,joao-souza,J. Souza,prakash-amritraj,P. Amritraj,roland-garros,1st Round Qualifying,3.0,f,2000,-2,02:07:00,196.0,2.0,18.0,14.0,0.0,0.0,290.0,8.0,1.0,66.0,96.0,46.0,66.0,17.0,30.0,2.0,4.0,16.0,137.0,22.0,68.0,14.0,32.0,4.0,11.0,16.0,63.0,96.0,36.0,100.0,99.0,t,f,17,f,France,1.0,14.0,18.0,0.0,270.0,3.0,0.0,68.0,100.0,46.0,68.0,18.0,32.0,7.0,11.0,16.0,135.0,20.0,66.0,13.0,30.0,2.0,4.0,16.0,64.0,100.0,33.0,96.0,97.0,f,f,t,France
139,2010-05-24,2010-06-06,France,Clay,7580800.0,€,2010,joao-souza,J. Souza,yuri-schukin,Y. Schukin,roland-garros,2nd Round Qualifying,3.0,f,2000,-1,02:31:00,186.0,1.0,13.0,18.0,1.0,1.0,254.0,4.0,3.0,65.0,97.0,47.0,65.0,13.0,32.0,3.0,7.0,15.0,79.0,15.0,53.0,10.0,36.0,1.0,6.0,15.0,60.0,97.0,25.0,89.0,85.0,f,f,17,f,France,2.0,18.0,13.0,0.0,296.0,0.0,1.0,53.0,89.0,38.0,53.0,26.0,36.0,5.0,6.0,15.0,170.0,18.0,65.0,19.0,32.0,4.0,7.0,15.0,64.0,89.0,37.0,97.0,101.0,t,f,t,France
140,2010-05-24,2010-06-06,France,Clay,7580800.0,€,2010,john-isner,J. Isner,marco-chiudinelli,M. Chiudinelli,roland-garros,Round of 64,4.0,f,2000,2,03:11:00,298.0,3.0,26.0,23.0,2.0,3.0,330.0,38.0,6.0,102.0,146.0,80.0,102.0,26.0,44.0,2.0,4.0,23.0,103.0,23.0,95.0,22.0,57.0,3.0,11.0,23.0,106.0,146.0,45.0,152.0,151.0,t,f,17,f,France,1.0,23.0,26.0,1.0,289.0,5.0,2.0,95.0,152.0,72.0,95.0,35.0,57.0,8.0,11.0,23.0,121.0,22.0,102.0,18.0,44.0,2.0,4.0,23.0,107.0,152.0,40.0,146.0,147.0,f,f,t,France
141,2010-05-24,2010-06-06,France,Clay,7580800.0,€,2010,john-isner,J. Isner,tomas-berdych,T. Berdych,roland-garros,Round of 32,3.0,f,2000,3,01:33:00,146.0,0.0,5.0,18.0,0.0,0.0,207.0,9.0,1.0,67.0,91.0,37.0,67.0,7.0,24.0,5.0,12.0,12.0,39.0,2.0,30.0,8.0,25.0,0.0,0.0,11.0,44.0,91.0,10.0,55.0,54.0,f,f,17,f,France,3.0,18.0,5.0,0.0,323.0,9.0,2.0,30.0,55.0,28.0,30.0,17.0,25.0,0.0,0.0,11.0,232.0,30.0,67.0,17.0,24.0,7.0,12.0,12.0,45.0,55.0,47.0,91.0,92.0,t,f,t,France
142,2010-05-24,2010-06-06,France,Clay,7580800.0,€,2010,jonathan-dasnieres-de-veigy,J. Dasnieres de Veigy,nicolas-devilder,N. Devilder,roland-garros,2nd Round Qualifying,2.0,f,2000,-1,01:15:00,108.0,0.0,5.0,12.0,0.0,0.0,224.0,1.0,4.0,28.0,52.0,17.0,28.0,12.0,24.0,7.0,10.0,8.0,63.0,11.0,39.0,6.0,17.0,0.0,2.0,9.0,29.0,52.0,17.0,56.0,46.0,f,f,,f,France,2.0,12.0,5.0,0.0,306.0,1.0,2.0,39.0,56.0,28.0,39.0,11.0,17.0,2.0,2.0,9.0,156.0,11.0,28.0,12.0,24.0,3.0,10.0,8.0,39.0,56.0,23.0,52.0,62.0,t,f,t,France
143,2010-05-24,2010-06-06,France,Clay,7580800.0,€,2010,jonathan-dasnieres-de-veigy,J. Dasnieres de Veigy,philipp-oswald,P. Oswald,roland-garros,1st Round Qualifying,2.0,f,2000,-2,01:43:00,140.0,2.0,13.0,9.0,1.0,1.0,273.0,5.0,2.0,37.0,74.0,28.0,37.0,20.0,37.0,4.0,5.0,10.0,171.0,11.0,39.0,15.0,27.0,3.0,5.0,11.0,48.0,74.0,26.0,66.0,74.0,t,f,,t,France,0.0,9.0,13.0,0.0,250.0,5.0,2.0,39.0,66.0,28.0,39.0,12.0,27.0,2.0,5.0,11.0,100.0,9.0,37.0,17.0,37.0,1.0,5.0,10.0,40.0,66.0,26.0,74.0,66.0,f,f,f,France
144,2010-05-24,2010-06-06,France,Clay,7580800.0,€,2010,jonathan-eysseric,J. Eysseric,roberto-bautista-agut,R. Bautista Agut,roland-garros,1st Round Qualifying,3.0,f,2000,-2,01:51:00,170.0,1.0,12.0,16.0,0.0,0.0,238.0,8.0,2.0,60.0,97.0,38.0,60.0,16.0,37.0,8.0,13.0,14.0,132.0,14.0,51.0,9.0,22.0,3.0,7.0,14.0,54.0,97.0,23.0,73.0,77.0,f,f,WC,t,France,2.0,16.0,12.0,0.0,281.0,1.0,0.0,51.0,73.0,37.0,51.0,13.0,22.0,4.0,7.0,14.0,167.0,22.0,60.0,21.0,37.0,5.0,13.0,14.0,50.0,73.0,43.0,97.0,93.0,t,f,f,France
145,2010-05-24,2010-06-06,France,Clay,7580800.0,€,2010,jorge-aguilar,J. Aguilar,jose-acasuso,J. Acasuso,roland-garros,3rd Round Qualifying,2.0,f,2000,0,00:56:00,76.0,2.0,9.0,4.0,0.0,0.0,309.0,1.0,1.0,22.0,35.0,17.0,22.0,9.0,13.0,1.0,1.0,6.0,210.0,10.0,21.0,9.0,20.0,3.0,4.0,7.0,26.0,35.0,19.0,41.0,45.0,t,t,,t,France,0.0,4.0,9.0,0.0,211.0,0.0,4.0,21.0,41.0,11.0,21.0,11.0,20.0,1.0,4.0,7.0,54.0,5.0,22.0,4.0,13.0,0.0,1.0,6.0,22.0,41.0,9.0,35.0,31.0,f,t,f,France
146,2010-05-24,2010-06-06,France,Clay,7580800.0,€,2010,jorge-aguilar,J. Aguilar,kevin-kim,K. Kim,roland-garros,2nd Round Qualifying,3.0,f,2000,-1,03:13:00,260.0,2.0,17.0,17.0,1.0,1.0,256.0,8.0,5.0,87.0,137.0,56.0,87.0,25.0,50.0,13.0,17.0,16.0,164.0,23.0,67.0,28.0,56.0,4.0,7.0,17.0,81.0,137.0,51.0,123.0,132.0,t,f,,f,France,1.0,17.0,17.0,0.0,254.0,10.0,2.0,67.0,123.0,44.0,67.0,28.0,56.0,3.0,7.0,17.0,135.0,31.0,87.0,25.0,50.0,4.0,17.0,16.0,72.0,123.0,56.0,137.0,128.0,f,f,t,France
147,2010-05-24,2010-06-06,France,Clay,7580800.0,€,2010,jorge-aguilar,J. Aguilar,niels-desein,N. Desein,roland-garros,1st Round Qualifying,2.0,f,2000,-2,01:17:00,115.0,2.0,12.0,6.0,0.0,0.0,235.0,2.0,2.0,34.0,53.0,23.0,34.0,7.0,19.0,2.0,5.0,9.0,262.0,18.0,43.0,15.0,19.0,6.0,8.0,9.0,30.0,53.0,33.0,62.0,63.0,t,f,,t,France,0.0,6.0,12.0,0.0,177.0,1.0,5.0,43.0,62.0,25.0,43.0,4.0,19.0,2.0,8.0,9.0,188.0,11.0,34.0,12.0,19.0,3.0,5.0,9.0,29.0,62.0,23.0,53.0,52.0,f,f,f,France
148,2010-05-24,2010-06-06,France,Clay,7580800.0,€,2010,jorge-aguilar,J. Aguilar,tomas-berdych,T. Berdych,roland-garros,Round of 128,3.0,f,2000,1,02:31:00,198.0,0.0,10.0,19.0,0.0,1.0,238.0,2.0,2.0,66.0,116.0,41.0,66.0,24.0,50.0,13.0,17.0,14.0,43.0,8.0,58.0,7.0,24.0,0.0,0.0,14.0,65.0,116.0,15.0,82.0,80.0,f,f,Q,f,France,3.0,19.0,10.0,1.0,343.0,17.0,2.0,58.0,82.0,50.0,58.0,17.0,24.0,0.0,0.0,14.0,142.0,25.0,66.0,26.0,50.0,4.0,17.0,14.0,67.0,82.0,51.0,116.0,118.0,t,f,t,France
149,2010-05-24,2010-06-06,France,Clay,7580800.0,€,2010,jose-acasuso,J. Acasuso,louk-sorensen,L. Sorensen,roland-garros,1st Round Qualifying,2.0,f,2000,-2,01:31:00,125.0,2.0,13.0,10.0,1.0,1.0,318.0,5.0,0.0,33.0,63.0,29.0,33.0,22.0,30.0,0.0,0.0,11.0,105.0,9.0,41.0,5.0,21.0,1.0,2.0,11.0,51.0,63.0,14.0,62.0,65.0,t,f,10,t,France,0.0,10.0,13.0,0.0,318.0,8.0,0.0,41.0,62.0,32.0,41.0,16.0,21.0,1.0,2.0,11.0,39.0,4.0,33.0,8.0,30.0,0.0,0.0,11.0,48.0,62.0,12.0,63.0,60.0,f,f,f,France
150,2010-05-24,2010-06-06,France,Clay,7580800.0,€,2010,josselin-ouanna,J. Ouanna,jo-wilfried-tsonga,J. Tsonga,roland-garros,Round of 64,3.0,f,2000,2,01:19:00,130.0,0.0,5.0,18.0,0.0,0.0,195.0,2.0,3.0,35.0,66.0,22.0,35.0,11.0,31.0,4.0,10.0,11.0,50.0,3.0,38.0,11.0,26.0,0.0,4.0,12.0,33.0,66.0,14.0,64.0,47.0,f,f,WC,f,France,3.0,18.0,5.0,0.0,314.0,9.0,4.0,38.0,64.0,35.0,38.0,15.0,26.0,4.0,4.0,12.0,216.0,13.0,35.0,20.0,31.0,6.0,10.0,11.0,50.0,64.0,33.0,66.0,83.0,t,f,t,France
151,2010-05-24,2010-06-06,France,Clay,7580800.0,€,2010,josselin-ouanna,J. Ouanna,lukasz-kubot,L. Kubot,roland-garros,Round of 128,4.0,f,2000,1,03:35:00,298.0,3.0,25.0,19.0,1.0,2.0,286.0,13.0,6.0,90.0,153.0,74.0,90.0,30.0,63.0,10.0,12.0,21.0,163.0,34.0,108.0,22.0,37.0,5.0,10.0,21.0,104.0,153.0,56.0,145.0,160.0,t,f,WC,t,France,1.0,19.0,25.0,1.0,259.0,7.0,8.0,108.0,145.0,74.0,108.0,15.0,37.0,5.0,10.0,21.0,96.0,16.0,90.0,33.0,63.0,2.0,12.0,21.0,89.0,145.0,49.0,153.0,138.0,f,f,f,France
152,2010-05-24,2010-06-06,France,Clay,7580800.0,€,2010,jo-wilfried-tsonga,J. Tsonga,mikhail-youzhny,M. Youzhny,roland-garros,Round of 16,1.0,f,2000,4,00:30:00,37.0,0.0,2.0,6.0,0.0,0.0,135.0,0.0,1.0,11.0,20.0,5.0,11.0,1.0,9.0,2.0,5.0,4.0,182.0,2.0,12.0,2.0,5.0,1.0,1.0,4.0,6.0,20.0,4.0,17.0,10.0,f,t,8,f,France,1.0,6.0,2.0,0.0,289.0,0.0,0.0,12.0,17.0,10.0,12.0,3.0,5.0,0.0,1.0,4.0,279.0,6.0,11.0,8.0,9.0,3.0,5.0,4.0,13.0,17.0,14.0,20.0,27.0,t,t,t,France
153,2010-05-24,2010-06-06,France,Clay,7580800.0,€,2010,jo-wilfried-tsonga,J. Tsonga,thiemo-de-bakker,T. de Bakker,roland-garros,Round of 32,4.0,f,2000,3,03:06:00,287.0,3.0,25.0,20.0,1.0,2.0,310.0,16.0,5.0,94.0,143.0,76.0,94.0,28.0,49.0,2.0,3.0,22.0,112.0,24.0,87.0,23.0,57.0,3.0,10.0,21.0,104.0,143.0,47.0,144.0,151.0,t,f,8,f,France,1.0,20.0,25.0,1.0,284.0,8.0,1.0,87.0,144.0,63.0,87.0,34.0,57.0,7.0,10.0,21.0,99.0,18.0,94.0,21.0,49.0,1.0,3.0,22.0,97.0,144.0,39.0,143.0,136.0,f,f,t,France
154,2010-05-24,2010-06-06,France,Clay,7580800.0,€,2010,juan-carlos-ferrero,J. Ferrero,pablo-cuevas,P. Cuevas,roland-garros,Round of 128,3.0,f,2000,1,01:52:00,171.0,3.0,18.0,8.0,0.0,0.0,295.0,0.0,0.0,62.0,78.0,46.0,62.0,8.0,16.0,0.0,1.0,13.0,187.0,19.0,55.0,27.0,38.0,6.0,17.0,13.0,54.0,78.0,46.0,93.0,100.0,t,f,16,t,France,0.0,8.0,18.0,0.0,212.0,11.0,5.0,55.0,93.0,36.0,55.0,11.0,38.0,11.0,17.0,13.0,183.0,16.0,62.0,8.0,16.0,1.0,1.0,13.0,47.0,93.0,24.0,78.0,71.0,f,f,f,France
155,2010-05-24,2010-06-06,France,Clay,7580800.0,€,2010,juan-carlos-ferrero,J. Ferrero,pere-riba,P. Riba,roland-garros,Round of 64,4.0,f,2000,2,03:31:00,291.0,3.0,25.0,17.0,1.0,2.0,267.0,2.0,3.0,103.0,140.0,73.0,103.0,16.0,37.0,7.0,11.0,20.0,186.0,27.0,75.0,43.0,76.0,8.0,15.0,20.0,89.0,140.0,70.0,151.0,159.0,t,f,16,t,France,1.0,17.0,25.0,1.0,226.0,11.0,2.0,75.0,151.0,48.0,75.0,33.0,76.0,7.0,15.0,20.0,142.0,30.0,103.0,21.0,37.0,4.0,11.0,20.0,81.0,151.0,51.0,140.0,132.0,f,f,f,France
156,2010-05-24,2010-06-06,France,Clay,7580800.0,€,2010,juan-carlos-ferrero,J. Ferrero,robby-ginepri,R. Ginepri,roland-garros,Round of 32,5.0,f,2000,3,03:16:00,292.0,2.0,24.0,24.0,0.0,0.0,270.0,5.0,1.0,107.0,140.0,66.0,107.0,19.0,33.0,5.0,12.0,24.0,157.0,44.0,106.0,18.0,46.0,7.0,15.0,24.0,85.0,140.0,62.0,152.0,147.0,f,f,16,f,France,3.0,24.0,24.0,0.0,262.0,5.0,2.0,106.0,152.0,62.0,106.0,28.0,46.0,8.0,15.0,24.0,167.0,41.0,107.0,14.0,33.0,7.0,12.0,24.0,90.0,152.0,55.0,140.0,145.0,t,f,t,France
157,2010-05-24,2010-06-06,France,Clay,7580800.0,€,2010,juan-ignacio-chela,J. Chela,ryan-sweeting,R. Sweeting,roland-garros,Round of 128,3.0,f,2000,1,02:22:00,196.0,3.0,19.0,10.0,1.0,1.0,273.0,2.0,3.0,46.0,87.0,37.0,46.0,23.0,41.0,6.0,8.0,14.0,186.0,39.0,86.0,14.0,23.0,6.0,16.0,14.0,60.0,87.0,53.0,109.0,113.0,t,f,,t,France,0.0,10.0,19.0,0.0,229.0,2.0,3.0,86.0,109.0,47.0,86.0,9.0,23.0,10.0,16.0,14.0,103.0,9.0,46.0,18.0,41.0,2.0,8.0,14.0,56.0,109.0,27.0,87.0,83.0,f,f,f,France
158,2010-05-24,2010-06-06,France,Clay,7580800.0,€,2010,juan-pablo-brzezicki,J. Brzezicki,michael-yani,M. Yani,roland-garros,1st Round Qualifying,3.0,f,2000,-2,02:28:00,210.0,1.0,13.0,17.0,0.0,1.0,259.0,1.0,1.0,70.0,101.0,45.0,70.0,17.0,31.0,7.0,11.0,14.0,130.0,14.0,58.0,27.0,51.0,3.0,9.0,15.0,62.0,101.0,41.0,109.0,103.0,f,f,,f,France,2.0,17.0,13.0,1.0,257.0,6.0,5.0,58.0,109.0,44.0,58.0,24.0,51.0,6.0,9.0,15.0,145.0,25.0,70.0,14.0,31.0,4.0,11.0,14.0,68.0,109.0,39.0,101.0,107.0,t,f,t,France
159,2010-05-24,2010-06-06,France,Clay,7580800.0,€,2010,julian-reister,J. Reister,olivier-rochus,O. Rochus,roland-garros,Round of 64,3.0,f,2000,2,02:13:00,187.0,3.0,19.0,10.0,1.0,1.0,286.0,3.0,1.0,68.0,95.0,46.0,68.0,16.0,27.0,3.0,5.0,14.0,205.0,27.0,58.0,19.0,34.0,6.0,10.0,14.0,62.0,95.0,46.0,92.0,108.0,t,f,Q,t,France,0.0,10.0,19.0,0.0,214.0,0.0,3.0,58.0,92.0,31.0,58.0,15.0,34.0,4.0,10.0,14.0,127.0,22.0,68.0,11.0,27.0,2.0,5.0,14.0,46.0,92.0,33.0,95.0,79.0,f,f,f,France
160,2010-05-24,2010-06-06,France,Clay,7580800.0,€,2010,julian-reister,J. Reister,roger-federer,R. Federer,roland-garros,Round of 32,3.0,f,2000,3,01:33:00,152.0,0.0,8.0,18.0,0.0,0.0,235.0,1.0,2.0,61.0,80.0,32.0,61.0,9.0,19.0,8.0,13.0,13.0,51.0,5.0,41.0,12.0,31.0,0.0,0.0,13.0,41.0,80.0,17.0,72.0,58.0,f,f,Q,f,France,3.0,18.0,8.0,0.0,309.0,6.0,3.0,41.0,72.0,36.0,41.0,19.0,31.0,0.0,0.0,13.0,177.0,29.0,61.0,10.0,19.0,5.0,13.0,13.0,55.0,72.0,39.0,80.0,94.0,t,f,t,France
161,2010-05-24,2010-06-06,France,Clay,7580800.0,€,2010,julien-benneteau,J. Benneteau,leonardo-mayer,L. Mayer,roland-garros,Round of 64,4.0,f,2000,2,03:12:00,259.0,1.0,18.0,24.0,1.0,1.0,244.0,2.0,4.0,93.0,131.0,56.0,93.0,19.0,38.0,7.0,14.0,20.0,142.0,18.0,81.0,27.0,47.0,4.0,9.0,21.0,75.0,131.0,45.0,128.0,120.0,f,f,,t,France,3.0,24.0,18.0,0.0,269.0,8.0,3.0,81.0,128.0,63.0,81.0,20.0,47.0,5.0,9.0,21.0,175.0,37.0,93.0,19.0,38.0,7.0,14.0,20.0,83.0,128.0,56.0,131.0,139.0,t,f,f,France
162,2010-05-24,2010-06-06,France,Clay,7580800.0,€,2010,julio-silva,J. Silva,ryler-deheart,R. DeHeart,roland-garros,1st Round Qualifying,2.0,f,2000,-2,01:09:00,119.0,0.0,7.0,12.0,0.0,0.0,255.0,3.0,0.0,42.0,65.0,29.0,42.0,11.0,23.0,1.0,4.0,10.0,52.0,3.0,30.0,10.0,24.0,0.0,4.0,9.0,40.0,65.0,13.0,54.0,53.0,f,f,,f,France,2.0,12.0,7.0,0.0,309.0,5.0,0.0,30.0,54.0,27.0,30.0,14.0,24.0,4.0,4.0,9.0,188.0,13.0,42.0,12.0,23.0,3.0,4.0,10.0,41.0,54.0,25.0,65.0,66.0,t,f,t,France
163,2010-05-24,2010-06-06,France,Clay,7580800.0,€,2010,jurgen-melzer,J. Melzer,nicolas-mahut,N. Mahut,roland-garros,Round of 64,4.0,f,2000,2,02:40:00,224.0,3.0,22.0,17.0,1.0,1.0,295.0,5.0,1.0,58.0,103.0,46.0,58.0,30.0,45.0,0.0,2.0,19.0,167.0,30.0,80.0,17.0,41.0,4.0,6.0,19.0,76.0,103.0,47.0,121.0,123.0,t,f,22,t,France,1.0,17.0,22.0,0.0,271.0,8.0,3.0,80.0,121.0,50.0,80.0,24.0,41.0,2.0,6.0,19.0,164.0,12.0,58.0,15.0,45.0,2.0,2.0,19.0,74.0,121.0,27.0,103.0,101.0,f,f,f,France
164,2010-05-24,2010-06-06,France,Clay,7580800.0,€,2010,jurgen-melzer,J. Melzer,novak-djokovic,N. Djokovic,roland-garros,Quarter-Finals,5.0,f,2000,5,04:15:00,342.0,3.0,24.0,24.0,1.0,1.0,264.0,9.0,5.0,73.0,145.0,52.0,73.0,41.0,72.0,4.0,8.0,23.0,120.0,42.0,127.0,38.0,70.0,4.0,24.0,24.0,93.0,145.0,80.0,197.0,173.0,t,f,22,f,France,2.0,24.0,24.0,0.0,254.0,4.0,10.0,127.0,197.0,85.0,127.0,32.0,70.0,20.0,24.0,24.0,139.0,21.0,73.0,31.0,72.0,4.0,8.0,23.0,117.0,197.0,52.0,145.0,169.0,f,f,t,France
165,2010-05-24,2010-06-06,France,Clay,7580800.0,€,2010,jurgen-melzer,J. Melzer,rafael-nadal,R. Nadal,roland-garros,Semi-Finals,3.0,f,2000,6,02:09:00,184.0,0.0,11.0,19.0,0.0,1.0,232.0,3.0,2.0,72.0,99.0,41.0,72.0,10.0,27.0,3.0,8.0,14.0,150.0,16.0,65.0,9.0,20.0,2.0,3.0,15.0,51.0,99.0,25.0,85.0,76.0,f,f,22,f,France,3.0,19.0,11.0,1.0,292.0,4.0,4.0,65.0,85.0,49.0,65.0,11.0,20.0,1.0,3.0,15.0,204.0,31.0,72.0,17.0,27.0,5.0,8.0,14.0,60.0,85.0,48.0,99.0,108.0,t,f,t,France
166,2010-05-24,2010-06-06,France,Clay,7580800.0,€,2010,jurgen-melzer,J. Melzer,teymuraz-gabashvili,T. Gabashvili,roland-garros,Round of 16,4.0,f,2000,4,02:54:00,251.0,3.0,23.0,17.0,1.0,1.0,290.0,11.0,1.0,69.0,128.0,54.0,69.0,34.0,59.0,6.0,8.0,20.0,128.0,23.0,70.0,23.0,53.0,4.0,13.0,19.0,88.0,128.0,46.0,123.0,134.0,t,f,22,t,France,1.0,17.0,23.0,0.0,267.0,9.0,1.0,70.0,123.0,47.0,70.0,30.0,53.0,9.0,13.0,19.0,99.0,15.0,69.0,25.0,59.0,2.0,8.0,20.0,77.0,123.0,40.0,128.0,117.0,f,f,f,France
167,2010-05-24,2010-06-06,France,Clay,7580800.0,€,2010,karol-beck,K. Beck,philipp-kohlschreiber,P. Kohlschreiber,roland-garros,Round of 128,3.0,f,2000,1,02:11:00,177.0,0.0,8.0,19.0,0.0,1.0,217.0,10.0,2.0,46.0,91.0,31.0,46.0,17.0,45.0,4.0,10.0,13.0,95.0,7.0,49.0,18.0,37.0,1.0,4.0,13.0,48.0,91.0,25.0,86.0,73.0,f,f,,f,France,3.0,19.0,8.0,1.0,296.0,14.0,4.0,49.0,86.0,42.0,49.0,19.0,37.0,3.0,4.0,13.0,201.0,15.0,46.0,28.0,45.0,6.0,10.0,13.0,61.0,86.0,43.0,91.0,104.0,t,f,t,France
168,2010-05-24,2010-06-06,France,Clay,7580800.0,€,2010,kei-nishikori,K. Nishikori,novak-djokovic,N. Djokovic,roland-garros,Round of 64,3.0,f,2000,2,02:40:00,212.0,0.0,9.0,18.0,0.0,0.0,214.0,1.0,1.0,57.0,95.0,32.0,57.0,17.0,38.0,8.0,14.0,13.0,129.0,21.0,74.0,28.0,43.0,2.0,9.0,14.0,49.0,95.0,49.0,117.0,98.0,f,f,,f,France,3.0,18.0,9.0,0.0,249.0,3.0,9.0,74.0,117.0,53.0,74.0,15.0,43.0,7.0,9.0,14.0,188.0,25.0,57.0,21.0,38.0,6.0,14.0,13.0,68.0,117.0,46.0,95.0,114.0,t,f,t,France
169,2010-05-24,2010-06-06,France,Clay,7580800.0,€,2010,kei-nishikori,K. Nishikori,santiago-giraldo,S. Giraldo,roland-garros,Round of 128,5.0,f,2000,1,03:36:00,309.0,3.0,25.0,24.0,1.0,1.0,283.0,4.0,1.0,81.0,141.0,59.0,81.0,38.0,60.0,7.0,10.0,24.0,104.0,32.0,94.0,29.0,74.0,3.0,16.0,24.0,97.0,141.0,61.0,168.0,158.0,t,f,,f,France,2.0,24.0,25.0,0.0,276.0,8.0,2.0,94.0,168.0,62.0,94.0,45.0,74.0,13.0,16.0,24.0,106.0,22.0,81.0,22.0,60.0,3.0,10.0,24.0,107.0,168.0,44.0,141.0,151.0,f,f,t,France
170,2010-05-24,2010-06-06,France,Clay,7580800.0,€,2010,konstantin-kravchuk,K. Kravchuk,stefano-galvani,S. Galvani,roland-garros,2nd Round Qualifying,3.0,f,2000,-1,03:27:00,292.0,1.0,20.0,25.0,1.0,1.0,263.0,21.0,5.0,114.0,169.0,72.0,114.0,27.0,55.0,15.0,22.0,22.0,149.0,26.0,76.0,14.0,47.0,4.0,6.0,22.0,99.0,169.0,40.0,123.0,139.0,f,f,,t,France,2.0,25.0,20.0,0.0,279.0,0.0,0.0,76.0,123.0,50.0,76.0,33.0,47.0,2.0,6.0,22.0,151.0,42.0,114.0,28.0,55.0,7.0,22.0,22.0,83.0,123.0,70.0,169.0,153.0,t,f,f,France
171,2010-05-24,2010-06-06,France,Clay,7580800.0,€,2010,konstantin-kravchuk,K. Kravchuk,yuichi-sugita,Y. Sugita,roland-garros,1st Round Qualifying,2.0,f,2000,-2,01:34:00,143.0,2.0,13.0,10.0,1.0,1.0,309.0,5.0,0.0,45.0,59.0,34.0,45.0,10.0,14.0,2.0,4.0,11.0,158.0,20.0,55.0,13.0,29.0,3.0,6.0,11.0,44.0,59.0,33.0,84.0,77.0,t,f,,t,France,0.0,10.0,13.0,0.0,256.0,1.0,1.0,55.0,84.0,35.0,55.0,16.0,29.0,3.0,6.0,11.0,121.0,11.0,45.0,4.0,14.0,2.0,4.0,11.0,51.0,84.0,15.0,59.0,66.0,f,f,f,France
172,2010-05-24,2010-06-06,France,Clay,7580800.0,€,2010,kristof-vliegen,K. Vliegen,steve-darcis,S. Darcis,roland-garros,Round of 128,3.0,f,2000,1,01:51:00,163.0,0.0,9.0,18.0,0.0,0.0,207.0,6.0,4.0,39.0,82.0,27.0,39.0,15.0,43.0,8.0,14.0,13.0,127.0,8.0,38.0,18.0,43.0,2.0,4.0,14.0,42.0,82.0,26.0,81.0,68.0,f,f,,f,France,3.0,18.0,9.0,0.0,267.0,2.0,4.0,38.0,81.0,30.0,38.0,25.0,43.0,2.0,4.0,14.0,185.0,12.0,39.0,28.0,43.0,6.0,14.0,13.0,55.0,81.0,40.0,82.0,95.0,t,f,t,France
173,2010-05-24,2010-06-06,France,Clay,7580800.0,€,2010,laurent-recouderc,L. Recouderc,robin-soderling,R. Soderling,roland-garros,Round of 128,3.0,f,2000,1,01:34:00,132.0,0.0,5.0,18.0,0.0,0.0,195.0,3.0,1.0,41.0,75.0,20.0,41.0,15.0,34.0,5.0,11.0,11.0,29.0,4.0,34.0,4.0,23.0,0.0,1.0,12.0,35.0,75.0,8.0,57.0,43.0,f,f,WC,f,France,3.0,18.0,5.0,0.0,339.0,9.0,1.0,34.0,57.0,30.0,34.0,19.0,23.0,1.0,1.0,12.0,216.0,21.0,41.0,19.0,34.0,6.0,11.0,11.0,49.0,57.0,40.0,75.0,89.0,t,f,t,France
174,2010-05-24,2010-06-06,France,Clay,7580800.0,€,2010,leonardo-mayer,L. Mayer,marin-cilic,M. Cilic,roland-garros,Round of 32,5.0,f,2000,3,04:13:00,334.0,2.0,26.0,28.0,1.0,1.0,285.0,23.0,6.0,95.0,163.0,75.0,95.0,34.0,68.0,6.0,11.0,27.0,100.0,25.0,90.0,32.0,81.0,3.0,14.0,26.0,109.0,163.0,57.0,171.0,166.0,f,f,,f,France,3.0,28.0,26.0,0.0,279.0,12.0,6.0,90.0,171.0,65.0,90.0,49.0,81.0,11.0,14.0,26.0,134.0,20.0,95.0,34.0,68.0,5.0,11.0,27.0,114.0,171.0,54.0,163.0,168.0,t,f,t,France
175,2010-05-24,2010-06-06,France,Clay,7580800.0,€,2010,leonardo-mayer,L. Mayer,sergiy-stakhovsky,S. Stakhovsky,roland-garros,Round of 128,3.0,f,2000,1,02:07:00,182.0,3.0,19.0,11.0,1.0,1.0,316.0,11.0,4.0,50.0,87.0,41.0,50.0,26.0,37.0,0.0,0.0,15.0,166.0,17.0,60.0,20.0,35.0,3.0,5.0,14.0,67.0,87.0,37.0,95.0,104.0,t,f,,t,France,0.0,11.0,19.0,0.0,257.0,5.0,4.0,60.0,95.0,43.0,60.0,15.0,35.0,2.0,5.0,14.0,48.0,9.0,50.0,11.0,37.0,0.0,0.0,15.0,58.0,95.0,20.0,87.0,78.0,f,f,f,France
176,2010-05-24,2010-06-06,France,Clay,7580800.0,€,2010,lleyton-hewitt,L. Hewitt,rafael-nadal,R. Nadal,roland-garros,Round of 32,3.0,f,2000,3,02:28:00,189.0,0.0,10.0,18.0,0.0,0.0,208.0,5.0,2.0,59.0,110.0,38.0,59.0,19.0,51.0,9.0,16.0,14.0,148.0,18.0,60.0,9.0,19.0,3.0,6.0,14.0,57.0,110.0,27.0,79.0,84.0,f,f,28,f,France,3.0,18.0,10.0,0.0,277.0,1.0,1.0,60.0,79.0,42.0,60.0,10.0,19.0,3.0,6.0,14.0,193.0,21.0,59.0,32.0,51.0,7.0,16.0,14.0,52.0,79.0,53.0,110.0,105.0,t,f,t,France
177,2010-05-24,2010-06-06,France,Clay,7580800.0,€,2010,lukas-lacko,L. Lacko,michael-yani,M. Yani,roland-garros,Round of 128,5.0,f,2000,1,04:56:00,483.0,3.0,36.0,35.0,2.0,3.0,308.0,23.0,6.0,131.0,231.0,104.0,131.0,58.0,100.0,14.0,15.0,34.0,79.0,41.0,157.0,41.0,95.0,1.0,13.0,34.0,162.0,231.0,82.0,252.0,244.0,t,f,,f,France,2.0,35.0,36.0,1.0,297.0,17.0,10.0,157.0,252.0,116.0,157.0,54.0,95.0,12.0,13.0,34.0,72.0,27.0,131.0,42.0,100.0,1.0,15.0,34.0,170.0,252.0,69.0,231.0,239.0,f,f,t,France
178,2010-05-24,2010-06-06,France,Clay,7580800.0,€,2010,lukas-lacko,L. Lacko,mikhail-youzhny,M. Youzhny,roland-garros,Round of 64,4.0,f,2000,2,03:04:00,256.0,1.0,15.0,24.0,1.0,1.0,232.0,3.0,2.0,69.0,124.0,45.0,69.0,26.0,55.0,11.0,18.0,19.0,94.0,27.0,87.0,16.0,45.0,2.0,12.0,19.0,71.0,124.0,43.0,132.0,114.0,f,f,,t,France,3.0,24.0,15.0,0.0,296.0,11.0,3.0,87.0,132.0,60.0,87.0,29.0,45.0,10.0,12.0,19.0,163.0,24.0,69.0,29.0,55.0,7.0,18.0,19.0,89.0,132.0,53.0,124.0,142.0,t,f,f,France
179,2010-05-24,2010-06-06,France,Clay,7580800.0,€,2010,lukas-rosol,L. Rosol,sebastien-de-chaunac,S. De Chaunac,roland-garros,1st Round Qualifying,2.0,f,2000,-2,01:05:00,109.0,2.0,12.0,4.0,0.0,0.0,267.0,2.0,0.0,27.0,52.0,19.0,27.0,14.0,25.0,1.0,2.0,8.0,198.0,7.0,20.0,22.0,37.0,5.0,12.0,8.0,33.0,52.0,29.0,57.0,62.0,t,f,,t,France,0.0,4.0,12.0,0.0,181.0,5.0,2.0,20.0,57.0,13.0,20.0,15.0,37.0,7.0,12.0,8.0,136.0,8.0,27.0,11.0,25.0,1.0,2.0,8.0,28.0,57.0,19.0,52.0,47.0,f,f,f,France
180,2010-05-24,2010-06-06,France,Clay,7580800.0,€,2010,marcel-granollers,M. Granollers,marcos-baghdatis,M. Baghdatis,roland-garros,Round of 64,4.0,f,2000,2,02:40:00,212.0,1.0,14.0,23.0,0.0,0.0,249.0,6.0,2.0,70.0,108.0,45.0,70.0,19.0,38.0,3.0,9.0,18.0,92.0,14.0,53.0,16.0,51.0,2.0,8.0,19.0,64.0,108.0,30.0,104.0,94.0,f,f,,t,France,3.0,23.0,14.0,0.0,292.0,9.0,0.0,53.0,104.0,39.0,53.0,35.0,51.0,6.0,8.0,19.0,186.0,25.0,70.0,19.0,38.0,6.0,9.0,18.0,74.0,104.0,44.0,108.0,118.0,t,f,f,France
181,2010-05-24,2010-06-06,France,Clay,7580800.0,€,2010,marcel-granollers,M. Granollers,paul-henri-mathieu,P. Mathieu,roland-garros,Round of 128,3.0,f,2000,1,01:54:00,140.0,2.0,12.0,9.0,0.0,0.0,227.0,5.0,2.0,34.0,59.0,21.0,34.0,11.0,25.0,3.0,7.0,10.0,193.0,19.0,46.0,22.0,35.0,6.0,17.0,11.0,32.0,59.0,41.0,81.0,73.0,t,t,,f,France,1.0,9.0,12.0,0.0,195.0,1.0,4.0,46.0,81.0,27.0,46.0,13.0,35.0,11.0,17.0,11.0,191.0,13.0,34.0,14.0,25.0,4.0,7.0,10.0,40.0,81.0,27.0,59.0,67.0,f,t,t,France
182,2010-05-24,2010-06-06,France,Clay,7580800.0,€,2010,marc-gicquel,M. Gicquel,pere-riba,P. Riba,roland-garros,Round of 128,3.0,f,2000,1,01:56:00,192.0,0.0,11.0,19.0,0.0,1.0,235.0,12.0,3.0,59.0,105.0,41.0,59.0,17.0,46.0,3.0,8.0,14.0,111.0,6.0,44.0,19.0,43.0,2.0,5.0,15.0,58.0,105.0,25.0,87.0,83.0,f,f,,f,France,3.0,19.0,11.0,1.0,282.0,8.0,5.0,44.0,87.0,38.0,44.0,24.0,43.0,3.0,5.0,15.0,192.0,18.0,59.0,29.0,46.0,5.0,8.0,14.0,62.0,87.0,47.0,105.0,109.0,t,f,t,France
183,2010-05-24,2010-06-06,France,Clay,7580800.0,€,2010,marco-chiudinelli,M. Chiudinelli,somdev-devvarman,S. Devvarman,roland-garros,Round of 128,5.0,f,2000,1,03:38:00,290.0,3.0,24.0,21.0,0.0,0.0,271.0,7.0,6.0,82.0,153.0,62.0,82.0,38.0,71.0,10.0,13.0,23.0,154.0,23.0,85.0,27.0,52.0,4.0,7.0,22.0,100.0,153.0,50.0,137.0,150.0,t,f,,t,France,2.0,21.0,24.0,0.0,274.0,13.0,3.0,85.0,137.0,62.0,85.0,25.0,52.0,3.0,7.0,22.0,106.0,20.0,82.0,33.0,71.0,3.0,13.0,23.0,87.0,137.0,53.0,153.0,140.0,f,f,f,France
184,2010-05-24,2010-06-06,France,Clay,7580800.0,€,2010,mardy-fish,M. Fish,michael-berrer,M. Berrer,roland-garros,Round of 128,5.0,f,2000,1,03:16:00,264.0,3.0,26.0,21.0,0.0,0.0,281.0,17.0,3.0,67.0,127.0,55.0,67.0,30.0,60.0,3.0,7.0,23.0,158.0,28.0,89.0,26.0,48.0,7.0,16.0,24.0,85.0,127.0,54.0,137.0,139.0,t,f,,f,France,2.0,21.0,26.0,0.0,250.0,6.0,6.0,89.0,137.0,61.0,89.0,22.0,48.0,9.0,16.0,24.0,142.0,12.0,67.0,30.0,60.0,4.0,7.0,23.0,83.0,137.0,42.0,127.0,125.0,f,f,t,France
185,2010-05-24,2010-06-06,France,Clay,7580800.0,€,2010,marin-cilic,M. Cilic,ricardo-mello,R. Mello,roland-garros,Round of 128,4.0,f,2000,1,02:16:00,195.0,3.0,21.0,11.0,0.0,0.0,265.0,5.0,2.0,51.0,95.0,38.0,51.0,23.0,44.0,8.0,11.0,16.0,220.0,26.0,59.0,24.0,41.0,8.0,12.0,16.0,61.0,95.0,50.0,100.0,111.0,t,f,10,t,France,1.0,11.0,21.0,0.0,203.0,1.0,4.0,59.0,100.0,33.0,59.0,17.0,41.0,4.0,12.0,16.0,118.0,13.0,51.0,21.0,44.0,3.0,11.0,16.0,50.0,100.0,34.0,95.0,84.0,f,f,f,France
186,2010-05-24,2010-06-06,France,Clay,7580800.0,€,2010,marin-cilic,M. Cilic,robin-soderling,R. Soderling,roland-garros,Round of 16,3.0,f,2000,4,01:41:00,150.0,0.0,10.0,18.0,0.0,0.0,211.0,4.0,2.0,45.0,78.0,28.0,45.0,13.0,33.0,7.0,14.0,14.0,154.0,17.0,52.0,8.0,20.0,3.0,5.0,14.0,41.0,78.0,25.0,72.0,66.0,f,f,10,f,France,3.0,18.0,10.0,0.0,281.0,6.0,2.0,52.0,72.0,35.0,52.0,12.0,20.0,2.0,5.0,14.0,199.0,17.0,45.0,20.0,33.0,7.0,14.0,14.0,47.0,72.0,37.0,78.0,84.0,t,f,t,France
187,2010-05-24,2010-06-06,France,Clay,7580800.0,€,2010,marinko-matosevic,M. Matosevic,simone-bolelli,S. Bolelli,roland-garros,1st Round Qualifying,2.0,f,2000,-2,01:38:00,123.0,0.0,6.0,12.0,0.0,0.0,217.0,1.0,3.0,32.0,55.0,20.0,32.0,10.0,23.0,5.0,9.0,9.0,101.0,14.0,42.0,12.0,26.0,1.0,9.0,9.0,30.0,55.0,26.0,68.0,56.0,f,f,,f,France,2.0,12.0,6.0,0.0,271.0,1.0,1.0,42.0,68.0,28.0,42.0,14.0,26.0,8.0,9.0,9.0,183.0,12.0,32.0,13.0,23.0,4.0,9.0,9.0,42.0,68.0,25.0,55.0,67.0,t,f,t,France
188,2010-05-24,2010-06-06,France,Clay,7580800.0,€,2010,marsel-ilhan,M. Ilhan,martin-vassallo-arguello,M. Vassallo Arguello,roland-garros,1st Round Qualifying,2.0,f,2000,-2,01:02:00,79.0,2.0,9.0,6.0,0.0,0.0,278.0,1.0,0.0,18.0,34.0,15.0,18.0,9.0,16.0,0.0,1.0,7.0,208.0,11.0,34.0,7.0,11.0,3.0,4.0,8.0,24.0,34.0,18.0,45.0,42.0,t,t,18,t,France,0.0,6.0,9.0,0.0,242.0,1.0,1.0,34.0,45.0,23.0,34.0,4.0,11.0,1.0,4.0,8.0,175.0,3.0,18.0,7.0,16.0,1.0,1.0,7.0,27.0,45.0,10.0,34.0,37.0,f,t,f,France
189,2010-05-24,2010-06-06,France,Clay,7580800.0,€,2010,marsel-ilhan,M. Ilhan,roberto-bautista-agut,R. Bautista Agut,roland-garros,2nd Round Qualifying,2.0,f,2000,-1,01:07:00,104.0,2.0,12.0,5.0,0.0,0.0,308.0,3.0,0.0,41.0,59.0,33.0,41.0,10.0,18.0,4.0,4.0,9.0,185.0,14.0,31.0,6.0,14.0,3.0,5.0,8.0,43.0,59.0,20.0,45.0,63.0,t,f,18,t,France,0.0,5.0,12.0,0.0,243.0,1.0,1.0,31.0,45.0,17.0,31.0,8.0,14.0,2.0,5.0,8.0,64.0,8.0,41.0,8.0,18.0,0.0,4.0,9.0,25.0,45.0,16.0,59.0,41.0,f,f,f,France
190,2010-05-24,2010-06-06,France,Clay,7580800.0,€,2010,marsel-ilhan,M. Ilhan,simone-bolelli,S. Bolelli,roland-garros,3rd Round Qualifying,3.0,f,2000,0,02:51:00,216.0,1.0,15.0,18.0,0.0,0.0,266.0,3.0,3.0,77.0,114.0,51.0,77.0,19.0,37.0,12.0,15.0,16.0,107.0,14.0,61.0,18.0,41.0,2.0,7.0,17.0,70.0,114.0,32.0,102.0,102.0,f,f,18,t,France,2.0,18.0,15.0,0.0,284.0,5.0,2.0,61.0,102.0,47.0,61.0,23.0,41.0,5.0,7.0,17.0,121.0,26.0,77.0,18.0,37.0,3.0,15.0,16.0,70.0,102.0,44.0,114.0,114.0,t,f,f,France
191,2010-05-24,2010-06-06,France,Clay,7580800.0,€,2010,martin-fischer,M. Fischer,ricardas-berankis,R. Berankis,roland-garros,3rd Round Qualifying,3.0,f,2000,0,02:29:00,218.0,2.0,16.0,15.0,0.0,0.0,248.0,1.0,2.0,64.0,103.0,39.0,64.0,20.0,39.0,3.0,7.0,16.0,143.0,21.0,59.0,27.0,56.0,4.0,12.0,15.0,59.0,103.0,48.0,115.0,107.0,t,f,,f,France,1.0,15.0,16.0,0.0,245.0,10.0,5.0,59.0,115.0,38.0,59.0,29.0,56.0,8.0,12.0,15.0,170.0,25.0,64.0,19.0,39.0,4.0,7.0,16.0,67.0,115.0,44.0,103.0,111.0,f,f,t,France
192,2010-05-24,2010-06-06,France,Clay,7580800.0,€,2010,martin-fischer,M. Fischer,ruben-ramirez-hidalgo,R. Ramirez Hidalgo,roland-garros,2nd Round Qualifying,2.0,f,2000,-1,01:55:00,155.0,2.0,13.0,9.0,1.0,1.0,247.0,1.0,2.0,44.0,76.0,30.0,44.0,16.0,32.0,7.0,10.0,11.0,167.0,17.0,46.0,20.0,33.0,4.0,14.0,10.0,46.0,76.0,37.0,79.0,83.0,t,f,,t,France,0.0,9.0,13.0,0.0,217.0,4.0,7.0,46.0,79.0,29.0,46.0,13.0,33.0,10.0,14.0,10.0,139.0,14.0,44.0,16.0,32.0,3.0,10.0,11.0,42.0,79.0,30.0,76.0,72.0,f,f,f,France
193,2010-05-24,2010-06-06,France,Clay,7580800.0,€,2010,martin-fischer,M. Fischer,yannick-mertens,Y. Mertens,roland-garros,1st Round Qualifying,2.0,f,2000,-2,01:03:00,94.0,2.0,12.0,3.0,0.0,0.0,266.0,1.0,1.0,21.0,53.0,18.0,21.0,17.0,32.0,2.0,3.0,8.0,244.0,11.0,20.0,13.0,21.0,5.0,9.0,7.0,35.0,53.0,24.0,41.0,59.0,t,f,,t,France,0.0,3.0,12.0,0.0,160.0,1.0,1.0,20.0,41.0,9.0,20.0,8.0,21.0,4.0,9.0,7.0,106.0,3.0,21.0,15.0,32.0,1.0,3.0,8.0,17.0,41.0,18.0,53.0,35.0,f,f,f,France
194,2010-05-24,2010-06-06,France,Clay,7580800.0,€,2010,martin-klizan,M. Klizan,yuri-schukin,Y. Schukin,roland-garros,3rd Round Qualifying,2.0,f,2000,0,01:23:00,123.0,0.0,6.0,12.0,0.0,0.0,201.0,3.0,5.0,24.0,61.0,15.0,24.0,17.0,37.0,5.0,9.0,9.0,88.0,16.0,46.0,5.0,16.0,1.0,9.0,9.0,32.0,61.0,21.0,62.0,53.0,f,f,,f,France,2.0,12.0,6.0,0.0,298.0,2.0,0.0,46.0,62.0,30.0,46.0,11.0,16.0,8.0,9.0,9.0,180.0,9.0,24.0,20.0,37.0,4.0,9.0,9.0,41.0,62.0,29.0,61.0,70.0,t,f,t,France
195,2010-05-24,2010-06-06,France,Clay,7580800.0,€,2010,matthew-ebden,M. Ebden,yuri-schukin,Y. Schukin,roland-garros,1st Round Qualifying,2.0,f,2000,-2,01:20:00,115.0,0.0,8.0,12.0,0.0,0.0,257.0,2.0,0.0,41.0,58.0,25.0,41.0,9.0,17.0,1.0,4.0,10.0,90.0,13.0,39.0,4.0,18.0,1.0,4.0,10.0,34.0,58.0,17.0,57.0,51.0,f,f,,f,France,2.0,12.0,8.0,0.0,303.0,0.0,0.0,39.0,57.0,26.0,39.0,14.0,18.0,3.0,4.0,10.0,191.0,16.0,41.0,8.0,17.0,3.0,4.0,10.0,40.0,57.0,24.0,58.0,64.0,t,f,t,France
196,2010-05-24,2010-06-06,France,Clay,7580800.0,€,2010,michael-lammer,M. Lammer,nick-lindahl,N. Lindahl,roland-garros,1st Round Qualifying,2.0,f,2000,-2,01:24:00,131.0,2.0,13.0,7.0,0.0,0.0,310.0,2.0,0.0,34.0,55.0,27.0,34.0,14.0,21.0,2.0,2.0,10.0,155.0,15.0,44.0,17.0,32.0,3.0,8.0,10.0,41.0,55.0,32.0,76.0,73.0,t,f,,t,France,0.0,7.0,13.0,0.0,241.0,1.0,1.0,44.0,76.0,29.0,44.0,15.0,32.0,5.0,8.0,10.0,54.0,7.0,34.0,7.0,21.0,0.0,2.0,10.0,44.0,76.0,14.0,55.0,58.0,f,f,f,France
197,2010-05-24,2010-06-06,France,Clay,7580800.0,€,2010,michael-lammer,M. Lammer,tobias-kamke,T. Kamke,roland-garros,2nd Round Qualifying,2.0,f,2000,-1,01:52:00,148.0,0.0,11.0,14.0,0.0,1.0,236.0,3.0,1.0,38.0,71.0,25.0,38.0,16.0,33.0,3.0,7.0,12.0,142.0,15.0,43.0,15.0,34.0,3.0,8.0,12.0,41.0,71.0,30.0,77.0,71.0,f,f,,f,France,2.0,14.0,11.0,1.0,252.0,1.0,1.0,43.0,77.0,28.0,43.0,19.0,34.0,5.0,8.0,12.0,176.0,13.0,38.0,17.0,33.0,4.0,7.0,12.0,47.0,77.0,30.0,71.0,77.0,t,f,t,France
198,2010-05-24,2010-06-06,France,Clay,7580800.0,€,2010,michael-llodra,M. Llodra,thomaz-bellucci,T. Bellucci,roland-garros,Round of 128,3.0,f,2000,1,01:37:00,155.0,0.0,8.0,18.0,0.0,0.0,216.0,5.0,6.0,49.0,91.0,34.0,49.0,14.0,42.0,6.0,11.0,13.0,41.0,3.0,40.0,8.0,24.0,0.0,0.0,13.0,48.0,91.0,11.0,64.0,59.0,f,f,,f,France,3.0,18.0,8.0,0.0,329.0,7.0,1.0,40.0,64.0,37.0,40.0,16.0,24.0,0.0,0.0,13.0,181.0,15.0,49.0,28.0,42.0,5.0,11.0,13.0,53.0,64.0,43.0,91.0,96.0,t,f,t,France
199,2010-05-24,2010-06-06,France,Clay,7580800.0,€,2010,michael-yani,M. Yani,ricardo-hocevar,R. Hocevar,roland-garros,3rd Round Qualifying,2.0,f,2000,0,01:06:00,101.0,2.0,12.0,5.0,0.0,0.0,270.0,5.0,1.0,29.0,44.0,21.0,29.0,8.0,15.0,1.0,3.0,8.0,242.0,16.0,29.0,17.0,28.0,6.0,10.0,9.0,29.0,44.0,33.0,57.0,62.0,t,f,31,t,France,0.0,5.0,12.0,0.0,168.0,5.0,5.0,29.0,57.0,13.0,29.0,11.0,28.0,4.0,10.0,9.0,167.0,8.0,29.0,7.0,15.0,2.0,3.0,8.0,24.0,57.0,15.0,44.0,39.0,f,f,f,France
200,2010-05-24,2010-06-06,France,Clay,7580800.0,€,2010,michal-przysiezny,M. Przysiezny,mikhail-youzhny,M. Youzhny,roland-garros,Round of 128,3.0,f,2000,1,01:36:00,142.0,0.0,5.0,18.0,0.0,0.0,181.0,3.0,4.0,43.0,71.0,23.0,43.0,9.0,28.0,4.0,11.0,11.0,92.0,9.0,46.0,11.0,25.0,1.0,5.0,12.0,32.0,71.0,20.0,71.0,52.0,f,f,,f,France,3.0,18.0,5.0,0.0,293.0,3.0,2.0,46.0,71.0,37.0,46.0,14.0,25.0,4.0,5.0,12.0,242.0,20.0,43.0,19.0,28.0,7.0,11.0,11.0,51.0,71.0,39.0,71.0,90.0,t,f,t,France
201,2010-05-24,2010-06-06,France,Clay,7580800.0,€,2010,mikhail-youzhny,M. Youzhny,tomas-berdych,T. Berdych,roland-garros,Quarter-Finals,3.0,f,2000,5,01:54:00,151.0,0.0,6.0,18.0,0.0,0.0,209.0,1.0,3.0,53.0,82.0,31.0,53.0,11.0,29.0,6.0,12.0,12.0,50.0,5.0,36.0,12.0,33.0,0.0,3.0,12.0,42.0,82.0,17.0,69.0,59.0,f,f,11,f,France,3.0,18.0,6.0,0.0,308.0,8.0,2.0,36.0,69.0,31.0,36.0,21.0,33.0,3.0,3.0,12.0,204.0,22.0,53.0,18.0,29.0,6.0,12.0,12.0,52.0,69.0,40.0,82.0,92.0,t,f,t,France
202,2010-05-24,2010-06-06,France,Clay,7580800.0,€,2010,mikhail-youzhny,M. Youzhny,viktor-troicki,V. Troicki,roland-garros,Round of 32,4.0,f,2000,3,02:50:00,219.0,3.0,21.0,17.0,1.0,1.0,255.0,3.0,2.0,64.0,101.0,45.0,64.0,18.0,37.0,1.0,6.0,18.0,176.0,31.0,79.0,20.0,39.0,7.0,14.0,19.0,63.0,101.0,51.0,118.0,114.0,t,f,11,f,France,1.0,17.0,21.0,0.0,247.0,8.0,1.0,79.0,118.0,48.0,79.0,19.0,39.0,7.0,14.0,19.0,191.0,19.0,64.0,19.0,37.0,5.0,6.0,18.0,67.0,118.0,38.0,101.0,105.0,f,f,t,France
203,2010-05-24,2010-06-06,France,Clay,7580800.0,€,2010,mischa-zverev,M. Zverev,nicolas-mahut,N. Mahut,roland-garros,Round of 128,3.0,f,2000,1,01:57:00,187.0,0.0,7.0,18.0,0.0,0.0,215.0,2.0,5.0,71.0,103.0,39.0,71.0,14.0,32.0,7.0,13.0,12.0,95.0,15.0,61.0,10.0,23.0,1.0,5.0,13.0,53.0,103.0,25.0,84.0,78.0,f,f,,f,France,3.0,18.0,7.0,0.0,307.0,10.0,0.0,61.0,84.0,46.0,61.0,13.0,23.0,4.0,5.0,13.0,197.0,32.0,71.0,18.0,32.0,6.0,13.0,12.0,59.0,84.0,50.0,103.0,109.0,t,f,t,France
204,2010-05-24,2010-06-06,France,Clay,7580800.0,€,2010,nicolas-almagro,N. Almagro,rafael-nadal,R. Nadal,roland-garros,Quarter-Finals,3.0,f,2000,5,02:35:00,223.0,0.0,16.0,20.0,0.0,2.0,276.0,5.0,1.0,71.0,112.0,51.0,71.0,20.0,41.0,4.0,6.0,17.0,125.0,22.0,81.0,13.0,30.0,1.0,2.0,17.0,71.0,112.0,35.0,111.0,106.0,f,f,19,f,France,3.0,20.0,16.0,2.0,301.0,4.0,0.0,81.0,111.0,59.0,81.0,17.0,30.0,1.0,2.0,17.0,123.0,20.0,71.0,21.0,41.0,2.0,6.0,17.0,76.0,111.0,41.0,112.0,117.0,t,f,t,France
205,2010-05-24,2010-06-06,France,Clay,7580800.0,€,2010,nicolas-almagro,N. Almagro,robin-haase,R. Haase,roland-garros,Round of 128,5.0,f,2000,1,03:34:00,314.0,3.0,26.0,26.0,1.0,1.0,292.0,20.0,0.0,83.0,150.0,57.0,83.0,43.0,67.0,2.0,6.0,25.0,120.0,13.0,83.0,43.0,81.0,4.0,11.0,26.0,100.0,150.0,56.0,164.0,156.0,t,f,19,t,France,2.0,26.0,26.0,0.0,270.0,10.0,6.0,83.0,164.0,70.0,83.0,38.0,81.0,7.0,11.0,26.0,150.0,26.0,83.0,24.0,67.0,4.0,6.0,25.0,108.0,164.0,50.0,150.0,158.0,f,f,f,France
206,2010-05-24,2010-06-06,France,Clay,7580800.0,€,2010,nicolas-almagro,N. Almagro,steve-darcis,S. Darcis,roland-garros,Round of 64,3.0,f,2000,2,01:40:00,158.0,3.0,19.0,8.0,0.0,0.0,304.0,14.0,4.0,36.0,64.0,33.0,36.0,15.0,28.0,0.0,1.0,13.0,201.0,18.0,42.0,28.0,52.0,7.0,13.0,14.0,48.0,64.0,46.0,94.0,94.0,t,f,19,t,France,0.0,8.0,19.0,0.0,200.0,4.0,2.0,42.0,94.0,24.0,42.0,24.0,52.0,6.0,13.0,14.0,161.0,3.0,36.0,13.0,28.0,1.0,1.0,13.0,48.0,94.0,16.0,64.0,64.0,f,f,f,France
207,2010-05-24,2010-06-06,France,Clay,7580800.0,€,2010,nicolas-devilder,N. Devilder,pablo-andujar,P. Andujar,roland-garros,3rd Round Qualifying,3.0,f,2000,0,02:15:00,181.0,1.0,13.0,14.0,0.0,0.0,242.0,4.0,2.0,73.0,102.0,38.0,73.0,15.0,29.0,15.0,20.0,14.0,152.0,15.0,46.0,15.0,33.0,4.0,9.0,13.0,53.0,102.0,30.0,79.0,83.0,f,f,WC,t,France,2.0,14.0,13.0,0.0,250.0,3.0,2.0,46.0,79.0,31.0,46.0,18.0,33.0,5.0,9.0,13.0,156.0,35.0,73.0,14.0,29.0,5.0,20.0,14.0,49.0,79.0,49.0,102.0,98.0,t,f,f,France
208,2010-05-24,2010-06-06,France,Clay,7580800.0,€,2010,nicolas-lapentti,N. Lapentti,taylor-dent,T. Dent,roland-garros,Round of 128,3.0,f,2000,1,02:14:00,214.0,0.0,13.0,19.0,0.0,1.0,232.0,0.0,3.0,81.0,123.0,51.0,81.0,16.0,42.0,9.0,14.0,16.0,120.0,6.0,48.0,19.0,43.0,2.0,4.0,15.0,67.0,123.0,25.0,91.0,92.0,f,f,,f,France,3.0,19.0,13.0,1.0,284.0,9.0,8.0,48.0,91.0,42.0,48.0,24.0,43.0,2.0,4.0,15.0,166.0,30.0,81.0,26.0,42.0,5.0,14.0,16.0,66.0,91.0,56.0,123.0,122.0,t,f,t,France
209,2010-05-24,2010-06-06,France,Clay,7580800.0,€,2010,novak-djokovic,N. Djokovic,robby-ginepri,R. Ginepri,roland-garros,Round of 16,4.0,f,2000,4,02:17:00,196.0,3.0,20.0,13.0,0.0,0.0,281.0,2.0,2.0,76.0,109.0,52.0,76.0,18.0,33.0,6.0,8.0,17.0,175.0,20.0,64.0,13.0,23.0,5.0,9.0,16.0,70.0,109.0,33.0,87.0,103.0,t,f,3,t,France,1.0,13.0,20.0,0.0,257.0,3.0,0.0,64.0,87.0,44.0,64.0,10.0,23.0,4.0,9.0,16.0,113.0,24.0,76.0,15.0,33.0,2.0,8.0,17.0,54.0,87.0,39.0,109.0,93.0,f,f,f,France
210,2010-05-24,2010-06-06,France,Clay,7580800.0,€,2010,novak-djokovic,N. Djokovic,victor-hanescu,V. Hanescu,roland-garros,Round of 32,4.0,f,2000,3,02:38:00,218.0,3.0,21.0,14.0,0.0,0.0,261.0,2.0,8.0,67.0,100.0,50.0,67.0,16.0,33.0,1.0,5.0,18.0,177.0,34.0,85.0,17.0,33.0,7.0,16.0,17.0,66.0,100.0,51.0,118.0,117.0,t,f,3,t,France,1.0,14.0,21.0,0.0,242.0,5.0,1.0,85.0,118.0,51.0,85.0,16.0,33.0,9.0,16.0,17.0,179.0,17.0,67.0,17.0,33.0,4.0,5.0,18.0,67.0,118.0,34.0,100.0,101.0,f,f,f,France
211,2010-05-24,2010-06-06,France,Clay,7580800.0,€,2010,olivier-patience,O. Patience,thiemo-de-bakker,T. de Bakker,roland-garros,Round of 128,4.0,f,2000,1,02:52:00,260.0,1.0,18.0,23.0,0.0,0.0,262.0,10.0,5.0,89.0,148.0,63.0,89.0,27.0,59.0,6.0,10.0,21.0,83.0,12.0,62.0,17.0,50.0,1.0,4.0,20.0,90.0,148.0,29.0,112.0,119.0,f,f,Q,f,France,3.0,23.0,18.0,0.0,311.0,16.0,2.0,62.0,112.0,50.0,62.0,33.0,50.0,3.0,4.0,20.0,142.0,26.0,89.0,32.0,59.0,4.0,10.0,21.0,83.0,112.0,58.0,148.0,141.0,t,f,t,France
212,2010-05-24,2010-06-06,France,Clay,7580800.0,€,2010,oscar-hernandez,O. Hernandez,victor-hanescu,V. Hanescu,roland-garros,Round of 128,4.0,f,2000,1,02:20:00,204.0,1.0,14.0,19.0,0.0,0.0,260.0,7.0,3.0,60.0,97.0,42.0,60.0,18.0,37.0,3.0,7.0,16.0,109.0,17.0,73.0,18.0,34.0,2.0,9.0,17.0,60.0,97.0,35.0,107.0,95.0,f,f,,f,France,3.0,19.0,14.0,0.0,286.0,9.0,3.0,73.0,107.0,56.0,73.0,16.0,34.0,7.0,9.0,17.0,163.0,18.0,60.0,19.0,37.0,4.0,7.0,16.0,72.0,107.0,37.0,97.0,109.0,t,f,t,France
213,2010-05-24,2010-06-06,France,Clay,7580800.0,€,2010,pablo-andujar,P. Andujar,simone-bolelli,S. Bolelli,roland-garros,Round of 128,3.0,f,2000,1,02:22:00,176.0,3.0,19.0,12.0,1.0,1.0,283.0,6.0,3.0,57.0,83.0,44.0,57.0,14.0,26.0,1.0,4.0,15.0,191.0,23.0,61.0,20.0,32.0,6.0,12.0,15.0,58.0,83.0,43.0,93.0,101.0,t,f,Q,t,France,0.0,12.0,19.0,0.0,228.0,5.0,3.0,61.0,93.0,38.0,61.0,12.0,32.0,6.0,12.0,15.0,164.0,13.0,57.0,12.0,26.0,3.0,4.0,15.0,50.0,93.0,25.0,83.0,75.0,f,f,f,France
214,2010-05-24,2010-06-06,France,Clay,7580800.0,€,2010,pablo-andujar,P. Andujar,thomaz-bellucci,T. Bellucci,roland-garros,Round of 64,5.0,f,2000,2,03:27:00,283.0,2.0,21.0,21.0,0.0,0.0,232.0,2.0,3.0,78.0,134.0,49.0,78.0,26.0,56.0,7.0,14.0,21.0,171.0,22.0,79.0,42.0,70.0,7.0,14.0,21.0,75.0,134.0,64.0,149.0,139.0,f,f,Q,t,France,3.0,21.0,21.0,0.0,241.0,17.0,7.0,79.0,149.0,57.0,79.0,28.0,70.0,7.0,14.0,21.0,174.0,29.0,78.0,30.0,56.0,7.0,14.0,21.0,85.0,149.0,59.0,134.0,144.0,t,f,f,France
215,2010-05-24,2010-06-06,France,Clay,7580800.0,€,2010,paul-capdeville,P. Capdeville,ruben-ramirez-hidalgo,R. Ramirez Hidalgo,roland-garros,1st Round Qualifying,3.0,f,2000,-2,01:47:00,170.0,1.0,11.0,18.0,1.0,1.0,236.0,1.0,1.0,55.0,89.0,41.0,55.0,12.0,34.0,4.0,9.0,14.0,97.0,17.0,54.0,7.0,27.0,1.0,3.0,14.0,53.0,89.0,24.0,81.0,77.0,f,f,,t,France,2.0,18.0,11.0,0.0,313.0,11.0,0.0,54.0,81.0,37.0,54.0,20.0,27.0,2.0,3.0,14.0,181.0,14.0,55.0,22.0,34.0,5.0,9.0,14.0,57.0,81.0,36.0,89.0,93.0,t,f,f,France
216,2010-05-24,2010-06-06,France,Clay,7580800.0,€,2010,peter-luczak,P. Luczak,roger-federer,R. Federer,roland-garros,Round of 128,3.0,f,2000,1,01:48:00,150.0,0.0,7.0,18.0,0.0,0.0,228.0,6.0,1.0,46.0,81.0,27.0,46.0,17.0,35.0,7.0,12.0,12.0,45.0,10.0,49.0,5.0,20.0,0.0,1.0,13.0,44.0,81.0,15.0,69.0,59.0,f,f,,f,France,3.0,18.0,7.0,0.0,333.0,7.0,0.0,49.0,69.0,39.0,49.0,15.0,20.0,1.0,1.0,13.0,175.0,19.0,46.0,18.0,35.0,5.0,12.0,12.0,54.0,69.0,37.0,81.0,91.0,t,f,t,France
217,2010-05-24,2010-06-06,France,Clay,7580800.0,€,2010,peter-polansky,P. Polansky,ramon-delgado,R. Delgado,roland-garros,1st Round Qualifying,3.0,f,2000,-2,02:06:00,190.0,1.0,15.0,15.0,0.0,0.0,248.0,5.0,3.0,57.0,88.0,40.0,57.0,14.0,31.0,3.0,8.0,15.0,169.0,23.0,65.0,22.0,37.0,5.0,12.0,15.0,54.0,88.0,45.0,102.0,99.0,f,f,,f,France,2.0,15.0,15.0,0.0,235.0,3.0,4.0,65.0,102.0,42.0,65.0,15.0,37.0,7.0,12.0,15.0,181.0,17.0,57.0,17.0,31.0,5.0,8.0,15.0,57.0,102.0,34.0,88.0,91.0,t,f,t,France
218,2010-05-24,2010-06-06,France,Clay,7580800.0,€,2010,potito-starace,P. Starace,robby-ginepri,R. Ginepri,roland-garros,Round of 64,4.0,f,2000,2,02:33:00,241.0,1.0,16.0,21.0,0.0,0.0,264.0,5.0,2.0,86.0,123.0,54.0,86.0,19.0,37.0,9.0,13.0,18.0,112.0,22.0,79.0,16.0,39.0,2.0,6.0,19.0,73.0,123.0,38.0,118.0,111.0,f,f,,t,France,3.0,21.0,16.0,0.0,292.0,6.0,1.0,79.0,118.0,57.0,79.0,23.0,39.0,4.0,6.0,19.0,139.0,32.0,86.0,18.0,37.0,4.0,13.0,18.0,80.0,118.0,50.0,123.0,130.0,t,f,f,France
219,2010-05-24,2010-06-06,France,Clay,7580800.0,€,2010,rafael-nadal,R. Nadal,robin-soderling,R. Soderling,roland-garros,Finals,3.0,f,2000,7,02:18:00,181.0,3.0,18.0,10.0,0.0,0.0,319.0,7.0,1.0,69.0,90.0,51.0,69.0,13.0,21.0,8.0,8.0,14.0,141.0,18.0,51.0,18.0,40.0,4.0,12.0,14.0,64.0,90.0,36.0,91.0,100.0,t,f,2,t,France,0.0,10.0,18.0,0.0,250.0,7.0,4.0,51.0,91.0,33.0,51.0,22.0,40.0,8.0,12.0,14.0,64.0,18.0,69.0,8.0,21.0,0.0,8.0,14.0,55.0,91.0,26.0,90.0,81.0,f,f,f,France
220,2010-05-24,2010-06-06,France,Clay,7580800.0,€,2010,rafael-nadal,R. Nadal,thomaz-bellucci,T. Bellucci,roland-garros,Round of 16,3.0,f,2000,4,02:33:00,190.0,3.0,19.0,11.0,0.0,0.0,277.0,2.0,0.0,65.0,88.0,41.0,65.0,15.0,23.0,5.0,9.0,15.0,231.0,27.0,56.0,26.0,46.0,8.0,11.0,15.0,56.0,88.0,53.0,102.0,109.0,t,f,2,t,France,0.0,11.0,19.0,0.0,197.0,2.0,1.0,56.0,102.0,29.0,56.0,20.0,46.0,3.0,11.0,15.0,142.0,24.0,65.0,8.0,23.0,4.0,9.0,15.0,49.0,102.0,32.0,88.0,81.0,f,f,f,France
221,2010-05-24,2010-06-06,France,Clay,7580800.0,€,2010,rajeev-ram,R. Ram,yuri-schukin,Y. Schukin,roland-garros,Round of 128,4.0,f,2000,1,02:30:00,225.0,1.0,16.0,21.0,0.0,0.0,241.0,12.0,7.0,70.0,124.0,47.0,70.0,22.0,54.0,7.0,12.0,18.0,120.0,16.0,66.0,15.0,35.0,3.0,8.0,19.0,69.0,124.0,31.0,101.0,100.0,f,f,,t,France,3.0,21.0,16.0,0.0,284.0,4.0,2.0,66.0,101.0,50.0,66.0,20.0,35.0,5.0,8.0,19.0,161.0,23.0,70.0,32.0,54.0,5.0,12.0,18.0,70.0,101.0,55.0,124.0,125.0,t,f,f,France
222,2010-05-24,2010-06-06,France,Clay,7580800.0,€,2010,reda-el-amrani,R. El Amrani,ricardas-berankis,R. Berankis,roland-garros,1st Round Qualifying,2.0,f,2000,-2,01:07:00,119.0,0.0,6.0,12.0,0.0,0.0,208.0,3.0,7.0,28.0,61.0,21.0,28.0,12.0,33.0,5.0,9.0,9.0,139.0,6.0,39.0,12.0,19.0,1.0,2.0,9.0,33.0,61.0,18.0,58.0,51.0,f,f,,f,France,2.0,12.0,6.0,0.0,285.0,9.0,1.0,39.0,58.0,33.0,39.0,7.0,19.0,1.0,2.0,9.0,177.0,7.0,28.0,21.0,33.0,4.0,9.0,9.0,40.0,58.0,28.0,61.0,68.0,t,f,t,France
223,2010-05-24,2010-06-06,France,Clay,7580800.0,€,2010,ricardas-berankis,R. Berankis,victor-crivoi,V. Crivoi,roland-garros,2nd Round Qualifying,3.0,f,2000,-1,01:30:00,149.0,2.0,15.0,8.0,0.0,0.0,294.0,8.0,2.0,37.0,63.0,23.0,37.0,20.0,26.0,3.0,4.0,11.0,171.0,22.0,53.0,17.0,33.0,5.0,14.0,12.0,43.0,63.0,39.0,86.0,82.0,t,f,,t,France,1.0,8.0,15.0,0.0,228.0,3.0,1.0,53.0,86.0,31.0,53.0,16.0,33.0,9.0,14.0,12.0,95.0,14.0,37.0,6.0,26.0,1.0,4.0,11.0,47.0,86.0,20.0,63.0,67.0,f,f,f,France
224,2010-05-24,2010-06-06,France,Clay,7580800.0,€,2010,robby-ginepri,R. Ginepri,sam-querrey,S. Querrey,roland-garros,Round of 128,4.0,f,2000,1,02:11:00,238.0,3.0,23.0,18.0,1.0,1.0,321.0,13.0,1.0,79.0,115.0,60.0,79.0,25.0,36.0,3.0,4.0,20.0,117.0,14.0,73.0,25.0,50.0,3.0,9.0,20.0,85.0,115.0,39.0,123.0,124.0,t,f,,f,France,1.0,18.0,23.0,0.0,284.0,14.0,5.0,73.0,123.0,59.0,73.0,25.0,50.0,6.0,9.0,20.0,85.0,19.0,79.0,11.0,36.0,1.0,4.0,20.0,84.0,123.0,30.0,115.0,114.0,f,f,t,France
225,2010-05-24,2010-06-06,France,Clay,7580800.0,€,2010,robin-soderling,R. Soderling,roger-federer,R. Federer,roland-garros,Quarter-Finals,4.0,f,2000,5,02:30:00,245.0,3.0,22.0,18.0,0.0,0.0,291.0,14.0,6.0,81.0,126.0,59.0,81.0,25.0,45.0,5.0,7.0,20.0,137.0,20.0,76.0,20.0,43.0,4.0,9.0,20.0,84.0,126.0,40.0,119.0,124.0,t,f,5,f,France,1.0,18.0,22.0,0.0,281.0,12.0,2.0,76.0,119.0,56.0,76.0,23.0,43.0,5.0,9.0,20.0,110.0,22.0,81.0,20.0,45.0,2.0,7.0,20.0,79.0,119.0,42.0,126.0,121.0,f,f,t,France
226,2010-05-24,2010-06-06,France,Clay,7580800.0,€,2010,robin-soderling,R. Soderling,taylor-dent,T. Dent,roland-garros,Round of 64,3.0,f,2000,2,01:11:00,118.0,3.0,18.0,2.0,0.0,0.0,299.0,8.0,6.0,38.0,64.0,32.0,38.0,14.0,26.0,4.0,4.0,10.0,273.0,18.0,29.0,16.0,25.0,8.0,12.0,10.0,46.0,64.0,34.0,54.0,80.0,t,f,5,t,France,0.0,2.0,18.0,0.0,142.0,2.0,8.0,29.0,54.0,11.0,29.0,9.0,25.0,4.0,12.0,10.0,62.0,6.0,38.0,12.0,26.0,0.0,4.0,10.0,20.0,54.0,18.0,64.0,38.0,f,f,f,France
227,2010-05-24,2010-06-06,France,Clay,7580800.0,€,2010,robin-soderling,R. Soderling,tomas-berdych,T. Berdych,roland-garros,Semi-Finals,5.0,f,2000,6,03:27:00,295.0,3.0,26.0,22.0,0.0,0.0,282.0,18.0,8.0,91.0,145.0,69.0,91.0,27.0,54.0,8.0,12.0,24.0,149.0,19.0,75.0,40.0,75.0,6.0,13.0,24.0,96.0,145.0,59.0,150.0,155.0,t,f,5,t,France,2.0,22.0,26.0,0.0,263.0,21.0,5.0,75.0,150.0,56.0,75.0,35.0,75.0,7.0,13.0,24.0,123.0,22.0,91.0,27.0,54.0,4.0,12.0,24.0,91.0,150.0,49.0,145.0,140.0,f,f,f,France
228,2010-05-24,2010-06-06,France,Clay,7580800.0,€,2010,roger-federer,R. Federer,stan-wawrinka,S. Wawrinka,roland-garros,Round of 16,3.0,f,2000,4,01:56:00,176.0,3.0,19.0,11.0,1.0,1.0,301.0,7.0,0.0,59.0,89.0,43.0,59.0,19.0,30.0,3.0,4.0,14.0,176.0,10.0,48.0,23.0,39.0,5.0,8.0,15.0,62.0,89.0,33.0,87.0,95.0,t,f,1,t,France,0.0,11.0,19.0,0.0,242.0,5.0,4.0,48.0,87.0,38.0,48.0,16.0,39.0,3.0,8.0,15.0,96.0,16.0,59.0,11.0,30.0,1.0,4.0,14.0,54.0,87.0,27.0,89.0,81.0,f,f,f,France
229,2010-05-24,2010-06-06,France,Clay,7580800.0,€,2010,roko-karanusic,R. Karanusic,teymuraz-gabashvili,T. Gabashvili,roland-garros,1st Round Qualifying,2.0,f,2000,-2,01:01:00,115.0,0.0,7.0,13.0,0.0,1.0,238.0,0.0,0.0,25.0,52.0,19.0,25.0,13.0,27.0,3.0,6.0,9.0,103.0,9.0,34.0,10.0,29.0,1.0,3.0,10.0,32.0,52.0,19.0,63.0,51.0,f,f,,f,France,2.0,13.0,7.0,1.0,282.0,1.0,3.0,34.0,63.0,25.0,34.0,19.0,29.0,2.0,3.0,10.0,159.0,6.0,25.0,14.0,27.0,3.0,6.0,9.0,44.0,63.0,20.0,52.0,64.0,t,f,t,France
230,2010-05-24,2010-06-06,France,Clay,7580800.0,€,2010,ruben-bemelmans,R. Bemelmans,santiago-ventura,S. Ventura,roland-garros,2nd Round Qualifying,2.0,f,2000,-1,01:25:00,123.0,0.0,6.0,13.0,0.0,1.0,213.0,3.0,2.0,33.0,58.0,21.0,33.0,9.0,25.0,0.0,4.0,9.0,112.0,10.0,35.0,14.0,30.0,1.0,4.0,9.0,30.0,58.0,24.0,65.0,54.0,f,f,,f,France,2.0,13.0,6.0,1.0,266.0,2.0,2.0,35.0,65.0,25.0,35.0,16.0,30.0,3.0,4.0,9.0,244.0,12.0,33.0,16.0,25.0,4.0,4.0,9.0,41.0,65.0,28.0,58.0,69.0,t,f,t,France
231,2010-05-24,2010-06-06,France,Clay,7580800.0,€,2010,ryan-harrison,R. Harrison,sebastian-decoud,S. Decoud,roland-garros,2nd Round Qualifying,3.0,f,2000,-1,02:30:00,194.0,2.0,18.0,13.0,0.0,1.0,315.0,13.0,1.0,57.0,88.0,44.0,57.0,21.0,31.0,2.0,3.0,15.0,165.0,28.0,69.0,15.0,37.0,4.0,7.0,15.0,65.0,88.0,43.0,106.0,108.0,t,f,,f,France,1.0,13.0,18.0,1.0,259.0,6.0,3.0,69.0,106.0,41.0,69.0,22.0,37.0,3.0,7.0,15.0,94.0,13.0,57.0,10.0,31.0,1.0,3.0,15.0,63.0,106.0,23.0,88.0,86.0,f,f,t,France
232,2010-05-24,2010-06-06,France,Clay,7580800.0,€,2010,ryan-harrison,R. Harrison,stefano-galvani,S. Galvani,roland-garros,3rd Round Qualifying,2.0,f,2000,0,01:54:00,167.0,0.0,10.0,13.0,0.0,1.0,231.0,8.0,4.0,58.0,97.0,38.0,58.0,15.0,39.0,12.0,16.0,11.0,161.0,17.0,51.0,11.0,19.0,3.0,7.0,11.0,53.0,97.0,28.0,70.0,81.0,f,f,,f,France,2.0,13.0,10.0,1.0,252.0,1.0,3.0,51.0,70.0,34.0,51.0,8.0,19.0,4.0,7.0,11.0,157.0,20.0,58.0,24.0,39.0,4.0,16.0,11.0,42.0,70.0,44.0,97.0,86.0,t,f,t,France
233,2010-05-24,2010-06-06,France,Clay,7580800.0,€,2010,ryler-deheart,R. DeHeart,teymuraz-gabashvili,T. Gabashvili,roland-garros,3rd Round Qualifying,2.0,f,2000,0,01:25:00,137.0,0.0,10.0,13.0,0.0,1.0,281.0,6.0,3.0,37.0,63.0,24.0,37.0,19.0,26.0,2.0,4.0,11.0,82.0,12.0,41.0,10.0,33.0,1.0,7.0,11.0,43.0,63.0,22.0,74.0,65.0,f,f,,f,France,2.0,13.0,10.0,1.0,292.0,6.0,0.0,41.0,74.0,29.0,41.0,23.0,33.0,6.0,7.0,11.0,130.0,13.0,37.0,7.0,26.0,2.0,4.0,11.0,52.0,74.0,20.0,63.0,72.0,t,f,t,France
234,2010-05-24,2010-06-06,France,Clay,7580800.0,€,2010,simon-greul,S. Greul,xavier-malisse,X. Malisse,roland-garros,Round of 128,3.0,f,2000,1,02:37:00,235.0,0.0,14.0,19.0,0.0,1.0,252.0,1.0,3.0,78.0,123.0,47.0,78.0,25.0,45.0,8.0,12.0,16.0,101.0,18.0,59.0,21.0,53.0,2.0,11.0,16.0,72.0,123.0,39.0,112.0,111.0,f,f,,f,France,3.0,19.0,14.0,1.0,271.0,4.0,2.0,59.0,112.0,41.0,59.0,32.0,53.0,9.0,11.0,16.0,142.0,31.0,78.0,20.0,45.0,4.0,12.0,16.0,73.0,112.0,51.0,123.0,124.0,t,f,t,France
235,2010-05-24,2010-06-06,France,Clay,7580800.0,€,2010,stephane-robert,S. Robert,tobias-kamke,T. Kamke,roland-garros,Round of 128,3.0,f,2000,1,01:44:00,161.0,0.0,7.0,18.0,0.0,0.0,152.0,1.0,6.0,52.0,89.0,24.0,52.0,11.0,37.0,7.0,17.0,13.0,170.0,11.0,30.0,18.0,42.0,4.0,7.0,12.0,35.0,89.0,29.0,72.0,64.0,f,f,,f,France,3.0,18.0,7.0,0.0,229.0,4.0,3.0,30.0,72.0,19.0,30.0,24.0,42.0,3.0,7.0,12.0,259.0,28.0,52.0,26.0,37.0,10.0,17.0,13.0,43.0,72.0,54.0,89.0,97.0,t,f,t,France
236,2010-05-24,2010-06-06,France,Clay,7580800.0,€,2010,teymuraz-gabashvili,T. Gabashvili,thierry-ascione,T. Ascione,roland-garros,2nd Round Qualifying,2.0,f,2000,-1,00:54:00,89.0,2.0,12.0,2.0,0.0,0.0,284.0,7.0,2.0,20.0,35.0,18.0,20.0,7.0,15.0,0.0,1.0,7.0,260.0,14.0,29.0,21.0,25.0,6.0,14.0,7.0,25.0,35.0,35.0,54.0,60.0,t,f,9,t,France,0.0,2.0,12.0,0.0,135.0,0.0,1.0,29.0,54.0,15.0,29.0,4.0,25.0,8.0,14.0,7.0,177.0,2.0,20.0,8.0,15.0,1.0,1.0,7.0,19.0,54.0,10.0,35.0,29.0,f,f,f,France
237,2010-05-24,2010-06-06,France,Clay,7580800.0,€,2010,tommy-robredo,T. Robredo,viktor-troicki,V. Troicki,roland-garros,Round of 128,3.0,f,2000,1,02:10:00,161.0,0.0,11.0,18.0,0.0,0.0,243.0,4.0,2.0,43.0,75.0,30.0,43.0,16.0,32.0,4.0,9.0,14.0,123.0,12.0,52.0,16.0,34.0,2.0,5.0,15.0,46.0,75.0,28.0,86.0,74.0,f,f,21,f,France,3.0,18.0,11.0,0.0,282.0,7.0,1.0,52.0,86.0,40.0,52.0,18.0,34.0,3.0,5.0,15.0,171.0,13.0,43.0,16.0,32.0,5.0,9.0,14.0,58.0,86.0,29.0,75.0,87.0,t,f,t,France
238,2010-05-24,2010-06-06,France,Clay,7580800.0,€,2010,victor-hanescu,V. Hanescu,yuri-schukin,Y. Schukin,roland-garros,Round of 64,3.0,f,2000,2,01:40:00,161.0,3.0,18.0,9.0,0.0,0.0,339.0,11.0,1.0,57.0,74.0,46.0,57.0,12.0,17.0,0.0,0.0,14.0,169.0,16.0,44.0,23.0,43.0,4.0,8.0,13.0,58.0,74.0,39.0,87.0,97.0,t,f,31,t,France,0.0,9.0,18.0,0.0,230.0,2.0,3.0,44.0,87.0,28.0,44.0,20.0,43.0,4.0,8.0,13.0,48.0,11.0,57.0,5.0,17.0,0.0,0.0,14.0,48.0,87.0,16.0,74.0,64.0,f,f,f,France
